   0.0273347933
   0.0285184188
   0.0215037856
   0.0309774050
   0.0090126869
   0.0087684973
   0.0113726930
   0.0096051972
   0.0247051923
   0.0139811596
   0.0288444266
   0.0184935091
   0.0114334004
  -0.0091840512
  -0.0214133365
  -0.0172953935
  -0.0332651501
  -0.0203020932
  -0.0322791685
  -0.0330144452
  -0.0047079313
  -0.0347243867
  -0.0183950350
  -0.0097167447
  -0.0256640919
  -0.0167011377
  -0.0126558262
   0.0041977709
   0.0055023390
   0.0188810260
   0.0027398670
   0.0097803990
  -0.0022321750
   0.0018937926
   0.0023948013
   0.0166438199
   0.0054704243
   0.0076446328
   0.0090807657
   0.0014495714
   0.0053176715
  -0.0014721766
  -0.0046612683
   0.0148573143
   0.0048479585
  -0.0024795619
   0.0074811118
  -0.0250900679
  -0.0290102543
  -0.0401753879
  -0.0339655057
  -0.0423474238
  -0.0465458098
  -0.0387336718
  -0.0414529665
  -0.0473491161
  -0.0462111452
  -0.0406149735
  -0.0457231302
  -0.0401098275
  -0.0229655047
  -0.0376232440
  -0.0325159740
  -0.0205705155
   0.0012240557
  -0.0005952118
   0.0132143387
   0.0008859240
   0.0032791614
   0.0197039497
   0.0037286860
   0.0056505336
   0.0165779426
  -0.0035318061
   0.0196861740
  -0.0007171180
   0.0095735428
  -0.0291403847
  -0.0378755909
  -0.0465872075
  -0.0368449570
  -0.0513776576
  -0.0537449897
  -0.0496261696
  -0.0448548433
  -0.0541955010
  -0.0553010040
  -0.0528319133
  -0.0399748106
  -0.0497710318
  -0.0525902680
  -0.0477120639
  -0.0345867582
  -0.0433966491
  -0.0304490433
  -0.0222172231
   0.0040265220
   0.0032652350
   0.0134252618
   0.0029449580
   0.0026492161
   0.0047247221
   0.0096170626
   0.0003669305
   0.0094643055
   0.0119608332
   0.0029812182
   0.0035206456
  -0.0022169736
  -0.0017353994
   0.0041915789
   0.0056129182
   0.0035828800
  -0.0378040878
   0.0028667874
  -0.0009014978
  -0.0029602373
   0.0296242629
   0.0353350336
   0.0315790612
   0.0303213418
   0.0496568439
   0.0366854994
   0.0320621768
   0.0300939224
   0.0375173820
   0.0307095963
   0.0375895460
   0.0222113932
   0.0028637291
   0.0274079347
   0.0205685669
   0.0096328776
  -0.0082833424
  -0.0026520214
   0.0233086030
   0.0175534404
   0.0120250090
   0.0179932575
   0.0246612036
   0.0200832846
   0.0183630836
   0.0222486967
   0.0150800332
   0.0072971583
   0.0165003788
   0.0226896177
   0.0258189158
   0.0198243245
   0.0069564109
  -0.0188773191
   0.0050111188
   0.0365474355
   0.0255945550
   0.0440322508
   0.0252039645
   0.0360205455
   0.0441867225
   0.0260263724
   0.0365762486
   0.0371494509
   0.0272772966
  -0.0097337801
   0.0021774125
   0.0103028798
   0.0048204317
  -0.0170429137
   0.0101932987
   0.0046869766
  -0.0190668413
   0.0012778958
   0.0056884826
   0.0055504937
   0.0024400364
  -0.0032552797
   0.0063518195
   0.0070998975
  -0.0148846826
   0.0022303217
   0.0083146226
   0.0081563730
  -0.0238098221
   0.0009634286
  -0.0248087366
  -0.0003497672
  -0.0258993975
  -0.0096743640
   0.0033994770
   0.0085994979
   0.0052320486
   0.0041501573
   0.0010706876
   0.0073398359
   0.0067009465
   0.0065093488
   0.0026681366
   0.0008669467
   0.0022264389
   0.0026498487
  -0.0041471470
   0.0009130346
   0.0031188680
   0.0033563675
  -0.0027093471
  -0.0187336943
  -0.0066476168
  -0.0378386228
   0.0043598880
  -0.0055914212
  -0.0330140337
   0.0022332810
   0.0034124444
  -0.0019492975
  -0.0188121342
   0.0009372164
   0.0018161480
   0.0026270982
  -0.0050471024
   0.0014896653
   0.0023006407
  -0.0211014059
  -0.0041571642
  -0.0228952834
  -0.0013823308
   0.0043586917
  -0.0265721223
  -0.0023857556
   0.0036612712
  -0.0068286907
   0.0224111873
   0.0246991885
   0.0320846761
   0.0233187748
   0.0177061760
   0.0238074457
   0.0252547947
   0.0086446079
   0.0075278750
   0.0108881493
   0.0074606831
   0.0188560489
   0.0102420962
   0.0334356985
   0.0141231422
   0.0220128940
   0.0134824572
   0.0090705614
  -0.0053913127
  -0.0132498333
  -0.0103120336
  -0.0210187902
  -0.0129030359
  -0.0233621988
  -0.0192895805
   0.0025358293
  -0.0240210347
  -0.0189625654
  -0.0151281432
  -0.0222777415
  -0.0114103493
  -0.0073070068
  -0.0162359622
  -0.0100525065
  -0.0075507811
   0.0026699963
   0.0028806381
   0.0107736216
   0.0006675439
   0.0056718124
  -0.0034321639
   0.0006648013
   0.0027903768
   0.0096235022
   0.0037430986
   0.0054842319
   0.0053876509
   0.0024503254
   0.0015857474
  -0.0019165096
  -0.0056833737
   0.0084749310
   0.0030233962
  -0.0034370483
   0.0035994754
  -0.0179498726
  -0.0196844571
  -0.0289560564
  -0.0245124531
  -0.0305492727
  -0.0349016929
  -0.0287058250
  -0.0287749199
  -0.0360923637
  -0.0363243530
  -0.0277169520
  -0.0356035972
  -0.0362430505
  -0.0279410217
  -0.0338268987
  -0.0295693205
  -0.0137069009
  -0.0262534484
  -0.0230377312
  -0.0140682739
   0.0009846434
  -0.0025906885
   0.0078057640
  -0.0011334337
   0.0005966608
   0.0110441281
   0.0030739450
   0.0012863053
   0.0093509076
  -0.0045490927
  -0.0022787137
  -0.0126995351
   0.0045789540
  -0.0215192049
  -0.0273005409
  -0.0347131439
  -0.0267992410
  -0.0385915592
  -0.0416480159
  -0.0371043200
  -0.0403624054
  -0.0442098438
  -0.0435755200
  -0.0378050438
  -0.0396078289
  -0.0437426049
  -0.0430670755
  -0.0368886304
  -0.0369612793
  -0.0400824941
  -0.0343637875
  -0.0246580119
  -0.0315354630
  -0.0208936157
  -0.0160677061
   0.0032924243
   0.0016506014
   0.0076695659
  -0.0002163595
   0.0024026896
   0.0024154196
   0.0072961953
   0.0080998705
   0.0074233608
   0.0085655281
   0.0063221055
   0.0002989109
   0.0015822301
  -0.0033245040
   0.0010332767
   0.0026736227
   0.0018954613
   0.0021745016
  -0.0036746064
   0.0256959774
   0.0288700282
   0.0267057256
   0.0257061079
   0.0376392736
   0.0302757911
   0.0274706553
   0.0258066857
   0.0381708345
   0.0309711914
   0.0273012305
   0.0255847194
   0.0399488414
   0.0313245962
   0.0264855409
   0.0306302291
   0.0198479785
   0.0105884831
  -0.0047153495
   0.0224642302
   0.0174616130
   0.0101345275
  -0.0007082150
  -0.0057645517
   0.0193818501
   0.0150886154
   0.0100436461
   0.0118761273
   0.0170081187
   0.0208528362
   0.0162852903
   0.0143569723
   0.0179842009
   0.0129626426
   0.0059801393
   0.0091809542
   0.0152291662
   0.0189531074
   0.0210346122
   0.0163789266
   0.0077039199
  -0.0077227549
   0.0196823576
   0.0105162774
  -0.0068080256
   0.0296197337
   0.0220912288
   0.0363653236
   0.0214492439
   0.0296243655
   0.0392170197
   0.0156673173
   0.0260020417
   0.0325103710
   0.0365103303
   0.0083605498
   0.0224791255
   0.0302876282
   0.0301178130
   0.0234504636
  -0.0012072121
   0.0059421353
  -0.0000558782
   0.0079226582
   0.0043544883
  -0.0055506436
   0.0057624280
  -0.0006667396
   0.0041388990
  -0.0029398169
   0.0029522069
   0.0035237033
   0.0016933937
  -0.0046165016
  -0.0001051543
   0.0045415502
   0.0043972889
  -0.0207931434
  -0.0051140307
   0.0030942207
   0.0058548224
   0.0049101188
  -0.0099097629
   0.0014028749
   0.0065007794
  -0.0300982428
  -0.0087519980
   0.0014566691
   0.0067463769
  -0.0126972253
  -0.0023561629
   0.0039270545
   0.0061586514
   0.0032413414
   0.0028254015
  -0.0006498809
   0.0021666747
   0.0050959591
   0.0041241850
   0.0039011207
   0.0002911406
  -0.0004857439
   0.0000150808
   0.0009585961
  -0.0022968694
  -0.0046795650
  -0.0001543295
  -0.0001089908
   0.0014066804
  -0.0009653999
  -0.0083717202
  -0.0203887059
   0.0016627500
  -0.0040139897
  -0.0164691373
   0.0012907455
  -0.0033930682
  -0.0148993285
  -0.0007269181
   0.0012650976
  -0.0006830471
  -0.0082176310
  -0.0224016629
  -0.0004990413
  -0.0003604577
   0.0008234574
  -0.0025720582
  -0.0052124534
   0.0003766837
   0.0000871426
  -0.0168180667
  -0.0076013382
  -0.0239091132
  -0.0059924081
   0.0003953455
  -0.0120106233
  -0.0016979102
   0.0022019021
  -0.0077386777
  -0.0005364036
  -0.0105983482
   0.0187865001
   0.0208999603
   0.0250753043
   0.0233418017
   0.0194545629
   0.0205733294
   0.0157593926
   0.0074073700
  -0.0112466715
   0.0201486030
   0.0223789669
   0.0212380389
   0.0080046160
   0.0069406449
   0.0100780437
   0.0064378667
   0.0151920958
   0.0083155786
   0.0257327868
   0.0101754356
   0.0209337420
   0.0066404178
   0.0287866605
   0.0176500376
   0.0107583807
   0.0078338657
  -0.0028589326
  -0.0081887694
  -0.0058290510
  -0.0078509021
  -0.0133955928
  -0.0078682767
  -0.0153277057
  -0.0125809733
  -0.0165451591
  -0.0073485215
  -0.0161230433
  -0.0121555863
  -0.0105992773
  -0.0143958200
  -0.0067546637
  -0.0050233692
  -0.0102699151
  -0.0056554611
  -0.0041769282
   0.0021155044
   0.0025406648
   0.0067371034
   0.0002573724
   0.0037838810
  -0.0029293731
   0.0005258389
   0.0029013161
   0.0061278825
   0.0035754206
   0.0047526030
   0.0038055748
   0.0030620441
   0.0000018700
  -0.0016121107
  -0.0053321108
   0.0025828358
  -0.0076879906
  -0.0033239410
   0.0019292046
  -0.0131182954
  -0.0132472590
  -0.0220151583
  -0.0185355436
  -0.0217579250
  -0.0271550564
  -0.0244429529
  -0.0193156533
  -0.0275831806
  -0.0290973457
  -0.0180796449
  -0.0270122785
  -0.0289187068
  -0.0236688608
  -0.0187195706
  -0.0259116288
  -0.0245793414
  -0.0194390306
  -0.0173434257
  -0.0097253713
   0.0003566544
   0.0047163876
  -0.0006411619
   0.0067456169
   0.0020993641
  -0.0007487097
   0.0054181781
  -0.0045835933
  -0.0027813071
  -0.0091740166
   0.0020308615
  -0.0163750280
  -0.0206347275
  -0.0274425151
  -0.0203141549
  -0.0267287701
  -0.0332817745
  -0.0326619254
  -0.0247658305
  -0.0286187331
  -0.0350442491
  -0.0362454391
  -0.0336781349
  -0.0345731576
  -0.0358027866
  -0.0330353787
  -0.0253625268
  -0.0319326157
  -0.0308736220
  -0.0187266513
  -0.0246507010
  -0.0120232730
   0.0023155249
   0.0011031830
   0.0048139935
  -0.0009454537
   0.0018605274
   0.0014971350
   0.0007504573
  -0.0056582519
   0.0054167292
  -0.0130273984
  -0.0008191033
   0.0042770923
   0.0059832734
   0.0053452806
   0.0057184131
   0.0040821702
  -0.0004612942
   0.0007745209
  -0.0034287507
  -0.0004925003
   0.0005254405
   0.0003124637
   0.0008490778
  -0.0005725081
  -0.0061093216
  -0.0204363409
   0.0000249958
  -0.0037445862
   0.0228650394
   0.0256366264
   0.0234880874
   0.0320386774
   0.0263534560
   0.0240476846
   0.0225683197
   0.0326629118
   0.0269323326
   0.0239703796
   0.0224742830
   0.0338739013
   0.0272151639
   0.0234772726
   0.0272160667
   0.0096774270
  -0.0028925105
   0.0201746683
   0.0153235652
   0.0089469103
  -0.0004062949
  -0.0093163839
   0.0169118963
   0.0122587198
   0.0072206831
   0.0092530692
   0.0146070380
   0.0187267356
   0.0136476919
   0.0116206948
   0.0153494186
   0.0100925466
   0.0031437972
   0.0065586457
   0.0127256924
   0.0166078031
   0.0186451246
   0.0142263817
   0.0069599339
  -0.0057529388
   0.0097021202
  -0.0041400102
   0.0256937852
   0.0183670617
   0.0319729930
   0.0078315530
   0.0191604449
   0.0258523663
   0.0346134792
   0.0145843258
   0.0226990885
   0.0282953241
   0.0320212916
   0.0094293566
   0.0199732404
   0.0263516441
   0.0260814368
   0.0195562116
  -0.0019787041
   0.0033511365
  -0.0031302079
   0.0052494175
   0.0013385026
  -0.0090926292
   0.0030845914
  -0.0039985454
  -0.0037400516
   0.0012970708
   0.0022154651
   0.0004481319
  -0.0062281814
  -0.0019298025
   0.0027355876
   0.0029208296
  -0.0129136098
  -0.0022886300
   0.0028381174
   0.0043480980
  -0.0205066521
  -0.0049427114
   0.0022804308
  -0.0179592144
  -0.0045844235
   0.0022878297
  -0.0176833426
  -0.0084303649
  -0.0007166547
   0.0034022579
   0.0047097582
   0.0018998367
   0.0015753417
  -0.0022734686
   0.0003177578
   0.0033724140
   0.0027498688
   0.0023047616
  -0.0010781140
  -0.0015365121
  -0.0011699353
  -0.0005299572
  -0.0038083533
  -0.0059360541
  -0.0011277974
   0.0000845553
  -0.0010108581
  -0.0056674226
  -0.0147464153
  -0.0024702023
  -0.0104196550
  -0.0273366118
   0.0005986265
  -0.0023039674
  -0.0094158114
  -0.0255198717
  -0.0001979305
  -0.0009158485
  -0.0054027235
  -0.0151845640
  -0.0014740944
  -0.0015008981
  -0.0006402544
  -0.0040325772
  -0.0063335558
  -0.0003238804
  -0.0011595623
  -0.0080522560
  -0.0089765886
  -0.0019984003
  -0.0153893269
  -0.0045413459
  -0.0001544625
  -0.0108707270
  -0.0028874098
  -0.0107726355
   0.0158493770
   0.0202716410
   0.0196360110
   0.0196865714
   0.0167261898
   0.0176663140
   0.0135331067
   0.0066565657
  -0.0076046981
   0.0180428640
   0.0140013128
   0.0175577728
   0.0192061808
   0.0244205904
   0.0180643352
   0.0072122955
   0.0101167558
   0.0063715702
   0.0091220709
   0.0057869717
   0.0126064427
   0.0071305192
   0.0205493823
   0.0080633637
   0.0164160003
   0.0077235224
   0.0229185319
   0.0106057464
   0.0145683740
   0.0057886916
   0.0090377212
   0.0069999728
  -0.0012360164
  -0.0050191443
  -0.0030111054
  -0.0052646763
  -0.0085688447
  -0.0045294017
  -0.0105875284
  -0.0065723161
  -0.0100192072
  -0.0105052322
  -0.0020858663
  -0.0103699860
  -0.0104612284
  -0.0015002229
  -0.0110318830
  -0.0058668406
  -0.0073282980
  -0.0093230802
  -0.0036761521
  -0.0032827538
  -0.0064485377
  -0.0028237246
  -0.0020032149
   0.0017981262
   0.0025920262
   0.0002350564
   0.0026985076
   0.0006534044
   0.0027157420
   0.0040418685
   0.0035513255
   0.0043383747
   0.0028812995
   0.0032530512
  -0.0006826474
  -0.0012147754
  -0.0047080875
   0.0024793359
  -0.0050830450
  -0.0029408720
   0.0011723775
  -0.0098141071
  -0.0093539267
  -0.0163203114
  -0.0140964245
  -0.0151137202
  -0.0203954020
  -0.0200094731
  -0.0125390000
  -0.0207438863
  -0.0230729905
  -0.0201871670
  -0.0195315823
  -0.0232754014
  -0.0228411701
  -0.0196106332
  -0.0225920761
  -0.0205972042
  -0.0114346159
  -0.0187230818
  -0.0194653535
  -0.0151370601
  -0.0137762836
  -0.0128137630
  -0.0068052512
  -0.0003168170
   0.0027447523
  -0.0013310104
   0.0043137859
   0.0011744916
  -0.0017365613
   0.0030416126
  -0.0043636016
  -0.0029225230
  -0.0070247833
   0.0006291175
  -0.0128627062
  -0.0159627491
  -0.0212216250
  -0.0157236946
  -0.0247956577
  -0.0266847368
  -0.0238608793
  -0.0265658605
  -0.0294502350
  -0.0288963764
  -0.0246438631
  -0.0281228739
  -0.0302081575
  -0.0296445274
  -0.0261977653
  -0.0257821115
  -0.0287531121
  -0.0280282379
  -0.0231951155
  -0.0234872644
  -0.0250729032
  -0.0213062500
  -0.0142913721
  -0.0186322842
   0.0013929955
   0.0007981270
   0.0031544141
   0.0012891487
   0.0009747644
   0.0002788338
  -0.0038895573
   0.0034289520
  -0.0070208501
   0.0004277827
   0.0035238001
   0.0043511018
   0.0008976781
   0.0036593409
   0.0044790138
   0.0039889861
   0.0035794657
   0.0026842066
  -0.0006110144
   0.0003295312
  -0.0033220578
  -0.0107343659
  -0.0049256871
  -0.0011724202
  -0.0005027420
  -0.0003548267
  -0.0009066003
  -0.0039912867
  -0.0118221953
  -0.0005177406
  -0.0008132900
  -0.0017822864
  -0.0063828318
  -0.0036634493
   0.0207438233
   0.0270235723
   0.0229929195
   0.0211967458
   0.0199513715
   0.0276376186
   0.0234693705
   0.0213874221
   0.0200261782
   0.0282139643
   0.0237788314
   0.0212318771
   0.0288486935
   0.0238986271
   0.0209638949
   0.0236943321
  -0.0029191426
   0.0152821427
   0.0093699549
   0.0009897802
   0.0172665744
   0.0131148367
   0.0078075746
   0.0008278743
  -0.0045507319
   0.0145556599
   0.0104400520
   0.0064580398
   0.0080612576
   0.0126373615
   0.0160991238
   0.0116777813
   0.0096275481
   0.0128771831
   0.0082808418
   0.0029215406
   0.0055086345
   0.0107260935
   0.0140208459
   0.0157149582
   0.0118117706
   0.0056710392
  -0.0039527466
   0.0146026291
   0.0086730647
  -0.0009503242
   0.0270074042
   0.0157492665
   0.0217448187
   0.0304002221
   0.0134794965
   0.0199229058
   0.0247606814
   0.0303550683
   0.0138791422
   0.0201753625
   0.0249096685
   0.0270638447
   0.0166212219
   0.0222542292
   0.0219610182
   0.0164079909
   0.0021526718
  -0.0030644036
   0.0031984852
  -0.0007860449
   0.0030998586
  -0.0010038341
   0.0017212181
  -0.0040966336
  -0.0034446245
   0.0002350646
   0.0013611474
  -0.0004063097
  -0.0054098714
  -0.0024671912
   0.0013651687
   0.0018693254
  -0.0107856204
  -0.0027835379
   0.0014874046
   0.0029072303
   0.0020797197
  -0.0102599242
  -0.0019833551
   0.0022181451
  -0.0128920899
  -0.0082912553
  -0.0013453825
   0.0025344170
  -0.0122501388
  -0.0067775599
  -0.0011458266
   0.0021555720
   0.0032176720
   0.0012072788
   0.0007564624
  -0.0021791526
  -0.0004215262
   0.0020815249
   0.0018484687
   0.0012573689
  -0.0019090494
  -0.0019361935
  -0.0017659104
  -0.0015287120
  -0.0040984233
  -0.0054053818
  -0.0018252023
  -0.0009612035
  -0.0018531580
  -0.0054740751
  -0.0118419603
  -0.0017740452
  -0.0059937305
  -0.0142630191
  -0.0067919682
  -0.0176342679
  -0.0005437788
  -0.0017590045
  -0.0055697937
  -0.0135985180
  -0.0011803589
  -0.0018205615
  -0.0053834127
  -0.0123381243
  -0.0018120104
  -0.0020003789
  -0.0016201765
  -0.0042604001
  -0.0055497195
  -0.0010712555
  -0.0018982779
  -0.0075233792
  -0.0087421392
  -0.0029627062
  -0.0164674810
  -0.0064229219
  -0.0019010106
  -0.0178139150
  -0.0069777959
  -0.0022090886
  -0.0107402519
  -0.0039045089
  -0.0098143136
