   3.9470844582   -0.4425727270    1.6466969439
   5.2815421120    1.4426726083   -0.1719564041
   4.6150204263    2.1950200654   -0.1719564041
   3.9470844582   -0.4425727270   -1.9906097520
   2.2402739968   -0.3760345993    1.9348181807
   1.7152739968    0.5332920746   -1.9838351672
   2.2402739968   -0.3760345993   -2.2651818193
   2.1866332513   -1.7005543114    1.8358704177
   3.2366332513   -1.7005543114    1.5545237657
   2.7116332513   -2.6098809854    1.5545237657
   3.2366332513   -1.7005543114   -2.0827829302
   2.7116332513   -2.6098809854   -2.0827829302
   2.1866332513   -1.7005543114   -2.3641295823
   0.9733260911   -2.1934888761    1.8713352376
   0.4483260911   -3.1028155500    1.5899885856
   1.4983260911   -3.1028155500    1.5899885856
   0.7145047340   -3.9936309552    0.8213352376
   1.7288219953   -3.8477941498    0.8213352376
   0.2286558283   -4.1570229857   -0.2286647624
   1.2264531197   -4.2781775117   -0.2286647624
   2.1662620593   -3.9217549944   -0.2286647624
   0.7145047340   -3.9936309552   -1.2786647624
   1.7288219953   -3.8477941498   -1.2786647624
  -0.0766739089   -2.1934888761   -2.0473181103
   0.4483260911   -3.1028155500   -2.0473181103
   1.4983260911   -3.1028155500   -2.0473181103
   0.9733260911   -2.1934888761   -2.3286647624
   0.1900444114   -1.1069351618    2.0029258493
   1.2400444114   -1.1069351618    1.7215791973
  -0.3349555886   -0.1976084879    1.7215791973
  -0.3349555886   -2.0162618358    1.7215791973
  -0.3349555886   -0.1976084879   -1.9157274986
  -0.3349555886   -2.0162618358   -1.9157274986
   0.1900444114   -1.1069351618   -2.1970741507
   0.9236320551    0.0337614207    2.0459143062
  -0.1263679449    0.0337614207    1.7645676541
   1.4486320551   -0.8755652532    1.7645676541
   1.4486320551    0.9430880947   -1.8727390417
  -0.1263679449    0.0337614207   -1.8727390417
   0.9236320551    0.0337614207   -2.1540856938
   0.3420756957    1.3357807690    2.1822317514
   1.3920756957    1.3357807690    1.9008850994
  -0.1829243043    2.2451074430    1.9008850994
  -0.1829243043    0.4264540951    1.9008850994
   1.3920756957    1.3357807690   -1.7364215965
  -0.1829243043    2.2451074430   -1.7364215965
   0.3420756957    1.3357807690   -2.0177682486
   0.9460835450    2.3739056284    2.0859176548
   1.9260835450    2.3739056284    1.8233274462
   1.4360835450    3.2226105241    1.8233274462
   0.4560835450    3.2226105241    1.8233274462
   2.3193169126    3.3716180709    1.1059176548
   1.4706120169    3.9882382714    1.1059176548
   0.4215550730    3.9882382714    1.1059176548
   2.6434933364    3.3539056284    0.1259176548
   1.9260835450    4.0713154198    0.1259176548
   0.9460835450    4.3339056284    0.1259176548
   2.3193169126    3.3716180709   -0.8540823452
   1.4706120169    3.9882382714   -0.8540823452
   0.4215550730    3.9882382714   -0.8540823452
   1.9260835450    2.3739056284   -1.5714921366
   1.4360835450    3.2226105241   -1.5714921366
   0.4560835450    3.2226105241   -1.5714921366
   0.9460835450    2.3739056284   -1.8340823452
  -1.0492526576    1.2704819313    2.2614834529
  -0.5242526576    2.1798086053    1.9801368009
  -0.5242526576    0.3611552574    1.9801368009
  -0.5242526576    2.1798086053   -1.6571698950
  -2.0992526576    1.2704819313   -1.6571698950
  -0.5242526576    0.3611552574   -1.6571698950
  -1.0492526576    1.2704819313   -1.9385165471
  -1.8232611733    0.1149656961    2.2197148536
  -0.7732611733    0.1149656961    1.9383682015
  -2.3482611733   -0.7943609778    1.9383682015
  -0.7732611733    0.1149656961   -1.6989384944
  -2.3482611733    1.0242923701   -1.6989384944
  -1.8232611733    0.1149656961   -1.9802851464
  -3.0178699212    0.1732718148    2.1572193122
  -3.5078699212    1.0219767105    1.8946291036
  -3.9978699212    0.1732718148    1.8946291036
  -3.5078699212   -0.6754330809    1.8946291036
  -4.3911032889    1.1709842573    1.1772193122
  -4.7152797126    0.1732718148    1.1772193122
  -4.3911032889   -0.8244406277    1.1772193122
  -3.9978699212    1.8706816063    0.1972193122
  -4.7152797126    1.1532718148    0.1972193122
  -4.9778699212    0.1732718148    0.1972193122
  -4.7152797126   -0.8067281852    0.1972193122
  -3.9978699212   -1.5241379766    0.1972193122
  -4.3911032889    1.1709842573   -0.7827806878
  -4.7152797126    0.1732718148   -0.7827806878
  -4.3911032889   -0.8244406277   -0.7827806878
  -3.5078699212    1.0219767105   -1.5001904792
  -3.9978699212    0.1732718148   -1.5001904792
  -3.5078699212   -0.6754330809   -1.5001904792
  -3.0178699212    0.1732718148   -1.7627806878
  -1.1763340957   -1.0877552760    2.0874095657
  -0.6513340957   -1.9970819500    1.8060629136
  -0.6513340957   -0.1784286020   -1.8312437823
  -0.6513340957   -1.9970819500   -1.8312437823
  -1.1763340957   -1.0877552760   -2.1125904343
  -0.9293335245   -2.3043273901    1.7619276636
  -2.2381548816   -4.1044694693    0.9932743157
  -4.0183113411   -2.8068902851   -0.0567256843
  -3.5512060957   -3.6968849724   -0.0567256843
  -2.7240037873   -4.2678614997   -0.0567256843
  -0.9293335245   -2.3043273901   -1.8753790323
  -1.4543335245   -3.2136540641   -1.8753790323
  -0.7508240596    2.5189167780    2.1221656342
  -1.2758240596    3.4282434520    2.1221656342
  -2.0596454167    4.3190588571    1.3535122862
  -2.5454943224    4.4824508876    0.3035122862
  -3.3726966308    3.9114743603    0.3035122862
  -3.8398018762    2.0163538830    0.3035122862
  -2.0596454167    4.3190588571   -0.7464877138
  -0.7508240596    2.5189167780   -1.5151410617
  -1.2758240596    3.4282434520   -1.5151410617
   5.2796518033   -0.1667989023    1.0850847941
   4.5973204412   -1.1059474528    1.0850847941
   5.8899475269   -0.1667989023    0.2450847941
   5.5161391993    0.8602310370    0.2450847941
   4.5696232874   -1.7403000580    0.2450847941
   5.5161391993   -1.1938288415    0.2450847941
   5.8899475269   -0.1667989023   -0.7932123070
   5.5161391993    0.8602310370   -0.7932123070
   5.5161391993   -1.1938288415   -0.7932123070
   5.2796518033   -0.1667989023   -1.6332123070
   4.5973204412   -1.1059474528   -1.6332123070
   4.6027984996    2.1884487975   -0.4789628317
   3.6562825877    2.7349200140   -0.4789628317
   4.9766068271    1.1614188583   -1.5172599328
   4.6027984996    2.1884487975   -1.5172599328
   3.6562825877    2.7349200140   -1.5172599328
   2.5799444061    2.5451325522   -1.5172599328
   1.8774145520    1.7078900748   -1.5172599328
   4.3663111036    1.1614188583   -2.3572599328
   3.6839797415    2.1005674088   -2.3572599328
   2.5799444061    1.7418445830   -2.3572599328
   2.5799444061    0.5809931335   -2.3572599328
   3.6839797415    0.2222703077   -2.3572599328
   3.3788318798    1.1614188583   -2.6781113822
   3.4854162492    1.0261375407    2.4300247514
   4.4728954731    1.0261375407    2.1091733019
   3.7905641110    1.9652860912    2.1091733019
   2.6865287755    1.6065632654    2.1091733019
   2.6865287755    0.4457118160    2.1091733019
   3.7905641110    0.0869889901    2.1091733019
   5.0831911966    1.0261375407    1.2691733019
   4.7093828690    2.0531674799    1.2691733019
   3.7628669571    2.5996386964    1.2691733019
   2.6865287755    2.4098512346    1.2691733019
   3.7628669571    2.5996386964    0.2308762008
   4.0592081374   -2.2960405541    0.9951568687
   3.3768767753   -3.2351891046    0.9951568687
   4.6695038609   -2.2960405541    0.1551568687
   3.3491796215   -3.8695417098    0.1551568687
   4.2956955333   -3.3230704933    0.1551568687
   4.6695038609   -2.2960405541   -0.8831402324
   3.3491796215   -3.8695417098   -0.8831402324
   4.2956955333   -3.3230704933   -0.8831402324
   4.0592081374   -2.2960405541   -1.7231402324
   3.3768767753   -3.2351891046   -1.7231402324
  -0.3204963092   -3.1406454065    1.1978638393
  -1.0028276713   -4.0797939571    1.1978638393
  -2.1068630067   -4.5243591005    0.3578638393
  -1.0305248251   -4.7141465623    0.3578638393
  -0.0840089132   -4.1676753458    0.3578638393
  -2.1068630067   -4.5243591005   -0.6804332618
  -1.0305248251   -4.7141465623   -0.6804332618
  -0.0840089132   -4.1676753458   -0.6804332618
  -1.0028276713   -4.0797939571   -1.5204332618
  -2.5542613978   -2.4022194045    2.5332390106
  -1.5667821740   -2.4022194045    2.2123875612
  -2.2491135360   -1.4630708540    2.2123875612
  -3.3531488715   -1.8217936798    2.2123875612
  -3.3531488715   -2.9826451293    2.2123875612
  -2.2491135360   -3.3413679551    2.2123875612
  -4.0556787255   -1.8557481880    1.3723875612
  -4.0556787255   -2.9486906210    1.3723875612
  -3.3531488715   -3.7859330985    1.3723875612
  -2.2768106899   -3.9757205603    1.3723875612
  -4.0556787255   -1.8557481880    0.3340904601
  -4.0556787255   -2.9486906210    0.3340904601
  -4.1616712626   -1.7223661593   -0.3761913810
  -4.1616712626   -2.8153085923   -0.3761913810
  -3.4591414086   -0.8851236819   -1.4144884821
  -4.1616712626   -1.7223661593   -1.4144884821
  -4.1616712626   -2.8153085923   -1.4144884821
  -3.4591414086   -3.6525510698   -1.4144884821
  -1.6727747111   -2.2688373758   -2.2544884821
  -2.3551060732   -1.3296888253   -2.2544884821
  -3.4591414086   -1.6884116511   -2.2544884821
  -3.4591414086   -2.8492631005   -2.2544884821
  -2.3551060732   -3.2079859264   -2.2544884821
  -2.6602539349   -2.2688373758   -2.5753399315
  -2.3746255830    2.5006403211    2.8989612228
  -1.3871463591    2.5006403211    2.5781097733
  -2.0694777212    3.4397888716    2.5781097733
  -3.1735130567    3.0810660458    2.5781097733
  -3.1735130567    1.9202145964    2.5781097733
  -2.0694777212    1.5614917705    2.5781097733
  -2.0971748750    4.0741414768    1.7381097733
  -3.1735130567    3.8843540150    1.7381097733
  -3.8760429107    3.0471115376    1.7381097733
  -3.8760429107    1.9541691046    1.7381097733
  -3.8760429107    3.0471115376    0.6998126722
  -3.8760429107    1.9541691046    0.6998126722
  -3.2801717924    4.0186940480   -0.0086554853
  -3.9827016464    3.1814515706   -0.0086554853
  -3.9827016464    2.0885091376   -0.0086554853
  -2.2038336108    4.2084815098   -1.0469525864
  -3.2801717924    4.0186940480   -1.0469525864
  -3.9827016464    3.1814515706   -1.0469525864
  -3.9827016464    2.0885091376   -1.0469525864
  -1.4938050949    2.6349803541   -1.8869525864
  -2.1761364570    3.5741289046   -1.8869525864
  -3.2801717924    3.2154060788   -1.8869525864
  -3.2801717924    2.0545546294   -1.8869525864
  -2.1761364570    1.6958318035   -1.8869525864
  -2.4812843187    2.6349803541   -2.2078040358
  -0.1058050379    3.3286778889    1.6818175916
  -0.7881364000    4.2678264395    1.6818175916
   0.1306823581    4.3557078282    0.8418175916
  -0.8158335538    4.9021790447    0.8418175916
  -1.8921717354    4.7123915829    0.8418175916
   0.1306823581    4.3557078282   -0.1964795095
  -0.8158335538    4.9021790447   -0.1964795095
  -1.8921717354    4.7123915829   -0.1964795095
  -0.7881364000    4.2678264395   -1.0364795095
   3.9427449451   -0.4350564699    1.9903688789
   5.2984800161    0.4667539470    1.3244191204
   4.2015673432   -1.2400754884    1.3244191204
   5.5301957317    1.4819668300    0.3620938374
   4.8809427241    2.2961043507    0.3620938374
   5.5301957317    1.4819668300   -0.7060066456
   3.9427449451   -0.4350564699   -2.3342816870
   2.2402739968   -0.3760345993    2.2348181807
   1.7196135098    0.5257758175   -2.3275071022
   2.2402739968   -0.3760345993   -2.5651818193
   2.1866332513   -1.7005543114    2.1358704177
   3.2279542252   -1.7005543114    1.8981957007
   2.7072937383   -2.6023647283    1.8981957007
   4.0630288092   -1.7005543114    1.2322459422
   2.9661161364   -3.4073837468    1.2322459422
   3.2279542252   -1.7005543114   -2.4264548653
   2.7072937383   -2.6023647283   -2.4264548653
   2.1866332513   -1.7005543114   -2.6641295823
   0.9733260911   -2.1934888761    2.1713352376
   0.4526656042   -3.0952992929    1.9336605206
   1.4939865781   -3.0952992929    1.9336605206
   0.7062871608   -4.0507854327    1.2677107621
   1.7528089762   -3.9003183115    1.2677107621
   0.4526656042   -4.4746515175    0.3053854791
   1.4939865781   -4.4746515175    0.3053854791
   2.4321843570   -4.0228392798    0.3053854791
   0.4526656042   -4.4746515175   -0.7627150039
   1.4939865781   -4.4746515175   -0.7627150039
  -0.2554516811   -3.6115740203   -1.7250402868
   0.7062871608   -4.0507854327   -1.7250402868
   1.7528089762   -3.9003183115   -1.7250402868
  -0.0679948827   -2.1934888761   -2.3909900453
   0.4526656042   -3.0952992929   -2.3909900453
   1.4939865781   -3.0952992929   -2.3909900453
   0.9733260911   -2.1934888761   -2.6286647624
   0.1900444114   -1.1069351618    2.3029258493
   1.2313653853   -1.1069351618    2.0652511323
  -0.3306160756   -0.2051247450    2.0652511323
  -0.3306160756   -2.0087455787    2.0652511323
  -0.3306160756   -0.2051247450   -2.2593994337
  -0.3306160756   -2.0087455787   -2.2593994337
   0.1900444114   -1.1069351618   -2.4970741507
   0.9236320551    0.0337614207    2.3459143062
  -0.1176889188    0.0337614207    2.1082395892
   1.4442925421   -0.8680489961    2.1082395892
   1.4442925421    0.9355718376   -2.2164109768
  -0.1176889188    0.0337614207   -2.2164109768
   0.9236320551    0.0337614207   -2.4540856938
   0.3420756957    1.3357807690    2.4822317514
   1.3833966696    1.3357807690    2.2445570344
  -0.1785847912    2.2375911859    2.2445570344
  -0.1785847912    0.4339703522    2.2445570344
   1.3833966696    1.3357807690   -2.0800935315
  -0.1785847912    2.2375911859   -2.0800935315
   0.3420756957    1.3357807690   -2.3177682486
   0.9460835450    2.3739056284    2.3659176548
   1.9179831206    2.3739056284    2.1440879189
   1.4320333328    3.2155953508    2.1440879189
   0.4601337572    3.2155953508    2.1440879189
   2.3629170465    3.4032954224    1.5225348110
   1.4872657862    4.0394933028    1.5225348110
   0.4049013038    4.0394933028    1.5225348110
   2.8797765245    3.3887859942    0.6243645469
   2.1866452226    4.1711694988    0.6243645469
   1.2093161908    4.5418215101    0.6243645469
   2.8797765245    3.3887859942   -0.3725292373
   2.1866452226    4.1711694988   -0.3725292373
   1.2093161908    4.5418215101   -0.3725292373
   2.3629170465    3.4032954224   -1.2706995014
   1.4872657862    4.0394933028   -1.2706995014
   0.4049013038    4.0394933028   -1.2706995014
   1.9179831206    2.3739056284   -1.8922526093
   1.4320333328    3.2155953508   -1.8922526093
   0.4601337572    3.2155953508   -1.8922526093
   0.9460835450    2.3739056284   -2.1140823452
  -1.0492526576    1.2704819313    2.5614834529
  -0.5285921707    2.1722923482    2.3238087359
  -0.5285921707    0.3686715145    2.3238087359
  -0.5285921707    2.1722923482   -2.0008418300
  -2.0905736315    1.2704819313   -2.0008418300
  -0.5285921707    0.3686715145   -2.0008418300
  -1.0492526576    1.2704819313   -2.2385165471
  -1.8232611733    0.1149656961    2.5197148536
  -0.7819401994    0.1149656961    2.2820401365
  -2.3439216602   -0.7868447207    2.2820401365
  -2.3439216602    1.0167761130   -2.0426104294
  -2.8645821472    0.1149656961   -2.0426104294
  -1.8232611733    0.1149656961   -2.2802851464
  -3.0178699212    0.1732718148    2.4372193122
  -3.5038197090    1.0149615373    2.2153895763
  -3.9897694969    0.1732718148    2.2153895763
  -3.5038197090   -0.6684179076    2.2153895763
  -4.4347034228    1.2026616088    1.5938364684
  -4.7691724420    0.1732718148    1.5938364684
  -4.4347034228   -0.8561179791    1.5938364684
  -4.6524965282    1.6214246216    0.6956662043
  -5.1382500660    0.6958985817    0.6956662043
  -5.1382500660   -0.3493549521    0.6956662043
  -4.6524965282   -1.2748809919    0.6956662043
  -4.6524965282    1.6214246216   -0.3012275799
  -5.1382500660    0.6958985817   -0.3012275799
  -5.1382500660   -0.3493549521   -0.3012275799
  -4.6524965282   -1.2748809919   -0.3012275799
  -4.4347034228    1.2026616088   -1.1993978440
  -4.7691724420    0.1732718148   -1.1993978440
  -4.4347034228   -0.8561179791   -1.1993978440
  -3.5038197090    1.0149615373   -1.8209509519
  -3.9897694969    0.1732718148   -1.8209509519
  -3.5038197090   -0.6684179076   -1.8209509519
  -3.0178699212    0.1732718148   -2.0427806878
  -1.1763340957   -1.0877552760    2.3874095657
  -0.6556736087   -1.9895656929    2.1497348487
  -0.6556736087   -0.1859448591   -2.1749157173
  -0.6556736087   -1.9895656929   -2.1749157173
  -1.1763340957   -1.0877552760   -2.4125904343
  -0.9380125506   -2.3043273901    2.1055995986
  -3.4381917904   -4.1336777938    0.4773245572
  -2.4999940114   -4.5854900316    0.4773245572
  -3.4381917904   -4.1336777938   -0.5907759258
  -2.4999940114   -4.5854900316   -0.5907759258
  -2.2463724549   -4.1616239468   -1.5531012088
  -0.9380125506   -2.3043273901   -2.2190509673
  -1.4586730376   -3.2061378070   -2.2190509673
  -0.7595030857    2.5189167780    2.4658375692
  -2.0678629900    4.3762133347    1.7998878107
  -2.3214845465    4.8000794195    0.8375625277
  -3.2596823255    4.3482671817    0.8375625277
  -2.3214845465    4.8000794195   -0.2305379553
  -1.2801635727    3.4207271949   -1.8588129968
   5.2521725795   -0.1667989023    1.3887050189
   4.7721725795   -0.9981832899    1.3887050189
   5.9549413548   -0.1667989023    0.6859362436
   5.6373807764    0.8105520618    0.6859362436
   4.8059963888   -1.7481859811    0.6859362436
   5.6373807764   -1.1441498664    0.6859362436
   6.2121725795   -0.1667989023   -0.2740637564
   5.9549413548    0.7932010977   -0.2740637564
   5.2521725795   -1.8295676776   -0.2740637564
   5.9549413548   -1.1267989023   -0.2740637564
   5.9549413548   -0.1667989023   -1.2340637564
   5.6373807764    0.8105520618   -1.2340637564
   4.8059963888   -1.7481859811   -1.2340637564
   5.6373807764   -1.1441498664   -1.2340637564
   5.2521725795   -0.1667989023   -1.9368325317
   4.7721725795   -0.9981832899   -1.9368325317
   5.0416006550    2.1214188583   -0.9981113822
   4.3388318798    2.8241876335   -0.9981113822
   3.3788318798    3.0814188583   -0.9981113822
   5.0416006550    1.1614188583   -1.9581113822
   4.7240400767    2.1387698223   -1.9581113822
   3.8926556890    2.7428059371   -1.9581113822
   2.8650080705    2.7428059371   -1.9581113822
   2.0336236829    2.1387698223   -1.9581113822
   4.3388318798    1.1614188583   -2.6608801575
   3.8588318798    1.9928032459   -2.6608801575
   2.8988318798    1.9928032459   -2.6608801575
   2.4188318798    1.1614188583   -2.6608801575
   2.8988318798    0.3300344706   -2.6608801575
   3.8588318798    0.3300344706   -2.6608801575
   3.3788318798    1.1614188583   -2.9181113822
   3.4854162492    1.0261375407    2.6700247514
   4.4454162492    1.0261375407    2.4127935266
   3.9654162492    1.8575219283    2.4127935266
   3.0054162492    1.8575219283    2.4127935266
   2.5254162492    1.0261375407    2.4127935266
   3.0054162492    0.1947531530    2.4127935266
   3.9654162492    0.1947531530    2.4127935266
   5.1481850245    1.0261375407    1.7100247514
   4.8306244461    2.0034885048    1.7100247514
   3.9992400585    2.6075246195    1.7100247514
   2.9715924399    2.6075246195    1.7100247514
   5.1481850245    1.9861375407    0.7500247514
   4.4454162492    2.6889063159    0.7500247514
   3.4854162492    2.9461375407    0.7500247514
   4.0317289135   -2.2960405541    1.2987770934
   3.5517289135   -3.1274249417    1.2987770934
   4.7344976888   -2.2960405541    0.5960083182
   3.5855527228   -3.8774276329    0.5960083182
   4.4169371105   -3.2733915181    0.5960083182
   4.9917289135   -2.2960405541   -0.3639916818
   3.0717289135   -4.2160405541   -0.3639916818
   4.0317289135   -3.9588093293   -0.3639916818
   4.7344976888   -3.2560405541   -0.3639916818
   4.7344976888   -2.2960405541   -1.3239916818
   2.5579051043   -3.8774276329   -1.3239916818
   3.5855527228   -3.8774276329   -1.3239916818
   4.4169371105   -3.2733915181   -1.3239916818
   4.0317289135   -2.2960405541   -2.0267604571
   3.5517289135   -3.1274249417   -2.0267604571
  -0.8279755330   -3.9720297941    1.5014840640
  -1.8217993423   -4.7220324853    0.7987152888
  -0.7941517238   -4.7220324853    0.7987152888
  -2.2679755330   -4.8034141818   -0.1612847112
  -1.3079755330   -5.0606454065   -0.1612847112
  -0.3479755330   -4.8034141818   -0.1612847112
  -1.8217993423   -4.7220324853   -1.1212847112
  -0.7941517238   -4.7220324853   -1.1212847112
  -1.7879755330   -3.9720297941   -1.8240534865
  -0.8279755330   -3.9720297941   -1.8240534865
  -2.5542613978   -2.4022194045    2.7732390106
  -1.5942613978   -2.4022194045    2.5160077859
  -2.0742613978   -1.5708350169    2.5160077859
  -3.0342613978   -1.5708350169    2.5160077859
  -3.5142613978   -2.4022194045    2.5160077859
  -3.0342613978   -3.2336037922    2.5160077859
  -2.0742613978   -3.2336037922    2.5160077859
  -3.8994695947   -1.4248684405    1.8132390106
  -4.2170301731   -2.4022194045    1.8132390106
  -3.8994695947   -3.3795703686    1.8132390106
  -3.0680852071   -3.9836064833    1.8132390106
  -2.0404375885   -3.9836064833    1.8132390106
  -4.4742613978   -2.4022194045    0.8532390106
  -4.2170301731   -3.3622194045    0.8532390106
  -3.5142613978   -4.0649881798    0.8532390106
  -4.3230227102   -1.3088373758   -0.8953399315
  -4.5802539349   -2.2688373758   -0.8953399315
  -4.3230227102   -3.2288373758   -0.8953399315
  -3.6202539349   -3.9316061511   -0.8953399315
  -4.0054621318   -1.2914864117   -1.8553399315
  -4.3230227102   -2.2688373758   -1.8553399315
  -4.0054621318   -3.2461883399   -1.8553399315
  -3.1740777442   -3.8502244546   -1.8553399315
  -1.7002539349   -2.2688373758   -2.5581087068
  -2.1802539349   -1.4374529882   -2.5581087068
  -3.1402539349   -1.4374529882   -2.5581087068
  -3.6202539349   -2.2688373758   -2.5581087068
  -3.1402539349   -3.1002217635   -2.5581087068
  -2.1802539349   -3.1002217635   -2.5581087068
  -2.6602539349   -2.2688373758   -2.8153399315
  -2.3746255830    2.5006403211    3.1389612228
  -1.4146255830    2.5006403211    2.8817299980
  -1.8946255830    3.3320247087    2.8817299980
  -2.8546255830    3.3320247087    2.8817299980
  -3.3346255830    2.5006403211    2.8817299980
  -2.8546255830    1.6692559335    2.8817299980
  -1.8946255830    1.6692559335    2.8817299980
  -1.8608017737    4.0820273999    2.1789612228
  -2.8884493923    4.0820273999    2.1789612228
  -3.7198337799    3.4779912852    2.1789612228
  -4.0373943582    2.5006403211    2.1789612228
  -3.7198337799    1.5232893570    2.1789612228
  -3.3346255830    4.1634090964    1.2189612228
  -4.0373943582    3.4606403211    1.2189612228
  -4.2946255830    2.5006403211    1.2189612228
  -3.4412843187    4.2977491293   -0.5278040358
  -4.1440530940    3.5949803541   -0.5278040358
  -4.4012843187    2.6349803541   -0.5278040358
  -1.9674605094    4.2163674329   -1.4878040358
  -2.9951081280    4.2163674329   -1.4878040358
  -3.8264925156    3.6123313182   -1.4878040358
  -4.1440530940    2.6349803541   -1.4878040358
  -3.8264925156    1.6576293900   -1.4878040358
  -1.5212843187    2.6349803541   -2.1905728111
  -2.0012843187    3.4663647417   -2.1905728111
  -2.9612843187    3.4663647417   -2.1905728111
  -3.4412843187    2.6349803541   -2.1905728111
  -2.9612843187    1.8035959664   -2.1905728111
  -2.0012843187    1.8035959664   -2.1905728111
  -2.4812843187    2.6349803541   -2.4478040358
  -0.1332842617    3.3286778889    1.9854378163
  -0.6132842617    4.1600622766    1.9854378163
   0.2519239352    4.3060288530    1.2826690411
  -0.5794604524    4.9100649677    1.2826690411
  -1.6071080710    4.9100649677    1.2826690411
  -0.1332842617    4.9914466642    0.3226690411
  -1.0932842617    5.2486778889    0.3226690411
  -2.0532842617    4.9914466642    0.3226690411
  -0.5794604524    4.9100649677   -0.6373309589
  -1.6071080710    4.9100649677   -0.6373309589
  -0.6132842617    4.1600622766   -1.3400997342
   3.9387070918   -0.4280627029    2.3225183337
   5.3312727674    0.4667539470    1.7372319051
   4.2151899444   -1.2699048242    1.7372319051
   5.0281958681   -0.5654311812    1.7372319051
   5.6695285387    1.5490659734    0.8612888633
   5.9165591959    1.4999992144   -0.1719564041
   5.3312727674    2.3759422562   -0.1719564041
   4.4553297255    2.9612286848   -0.1719564041
   3.4220844582    3.1667539470   -0.1719564041
   5.6695285387    1.5490659734   -1.2052016715
   5.3312727674    0.4667539470   -2.0811447133
   3.9387070918   -0.4280627029   -2.6664311419
   2.2402739968   -0.3760345993    2.5348181807
   1.7236513631    0.5187820505   -2.6596565570
   2.2402739968   -0.3760345993   -2.8651818193
   2.1866332513   -1.7005543114    2.4358704177
   3.2198785187   -1.7005543114    2.2303451555
   2.7032558850   -2.5953709613    2.2303451555
   4.0958215605   -1.7005543114    1.6450587269
   2.9797387376   -3.4372130826    1.6450587269
   3.7927446613   -2.7327394396    1.6450587269
   2.7417060997   -4.1324873595    0.7691156851
   4.0958215605   -1.7005543114   -2.1733178915
   3.2198785187   -1.7005543114   -2.7586043201
   2.7032558850   -2.5953709613   -2.7586043201
   2.1866332513   -1.7005543114   -2.9641295823
   0.9733260911   -2.1934888761    2.4713352376
   0.4567034574   -3.0883055260    2.2658099754
   1.4899487248   -3.0883055260    2.2658099754
  -0.2769263663   -3.6363571281    1.6805235468
   0.7016202657   -4.0832444011    1.6805235468
   1.7664315774   -3.9301476473    1.6805235468
   0.4182532428   -4.6254219242    0.8045805050
   1.5283989395   -4.6254219242    0.8045805050
   0.9733260911   -4.8934888761   -0.2286647624
   2.0065713585   -4.6879636138   -0.2286647624
   0.4182532428   -4.6254219242   -1.2619100297
   1.5283989395   -4.6254219242   -1.2619100297
  -0.2769263663   -3.6363571281   -2.1378530716
   0.7016202657   -4.0832444011   -2.1378530716
   1.7664315774   -3.9301476473   -2.1378530716
  -0.0599191762   -2.1934888761   -2.7231395001
   0.4567034574   -3.0883055260   -2.7231395001
   1.4899487248   -3.0883055260   -2.7231395001
   0.9733260911   -2.1934888761   -2.9286647624
   0.1900444114   -1.1069351618    2.6029258493
   1.2232896788   -1.1069351618    2.3974005871
  -0.3265782223   -0.2121185119    2.3974005871
  -0.3265782223   -2.0017518117    2.3974005871
  -0.3265782223   -0.2121185119   -2.5915488885
  -0.3265782223   -2.0017518117   -2.5915488885
   0.1900444114   -1.1069351618   -2.7970741507
   0.9236320551    0.0337614207    2.6459143062
  -0.1096132123    0.0337614207    2.4403890440
   1.4402546888   -0.8610552292    2.4403890440
   1.4402546888    0.9285780706   -2.5485604316
  -0.1096132123    0.0337614207   -2.5485604316
   0.9236320551    0.0337614207   -2.7540856938
   0.3420756957    1.3357807690    2.7822317514
   1.3753209631    1.3357807690    2.5767064892
  -0.1745469380    2.2305974189    2.5767064892
   1.3753209631    1.3357807690   -2.4122429864
   0.8586983294    2.2305974189   -2.4122429864
  -0.1745469380    2.2305974189   -2.4122429864
   0.3420756957    1.3357807690   -2.6177682486
   0.9460835450    2.3739056284    2.6459176548
   2.0394705675    2.3739056284    2.3963592019
   1.4927770563    3.3208065661    2.3963592019
   0.3993900337    3.3208065661    2.3963592019
   2.6035341567    3.4390844581    1.6971119555
   1.7645405743    4.1660765356    1.6971119555
   0.6656926681    4.3240670129    1.6971119555
   3.1596003822    3.4398791555    0.6866704084
   2.4778847242    4.2947235523    0.6866704084
   1.4927770563    4.7691264020    0.6866704084
   3.1596003822    3.4398791555   -0.4348350988
   2.4778847242    4.2947235523   -0.4348350988
   1.4927770563    4.7691264020   -0.4348350988
   0.3993900337    4.7691264020   -0.4348350988
   2.6035341567    3.4390844581   -1.4452766459
   1.7645405743    4.1660765356   -1.4452766459
   0.6656926681    4.3240670129   -1.4452766459
   1.4927770563    3.3208065661   -2.1445238923
   0.3993900337    3.3208065661   -2.1445238923
   0.9460835450    2.3739056284   -2.3940823452
  -1.0492526576    1.2704819313    2.8614834529
  -0.5326300239    0.3756652814    2.6559581907
  -2.0824979250    1.2704819313   -2.3329912848
  -0.5326300239    0.3756652814   -2.3329912848
  -1.0492526576    1.2704819313   -2.5385165471
  -1.8232611733    0.1149656961    2.8197148536
  -0.7900159059    0.1149656961    2.6141895914
  -2.3398838070   -0.7798509537    2.6141895914
  -2.3398838070    1.0097823460   -2.3747598842
  -2.8565064407    0.1149656961   -2.3747598842
  -1.8232611733    0.1149656961   -2.5802851464
  -3.0178699212    0.1732718148    2.7172193122
  -3.5645634325    1.1201727526    2.4676608593
  -4.1112569438    0.1732718148    2.4676608593
  -3.5645634325   -0.7736291229    2.4676608593
  -4.3080865821    1.6622612163    1.7684136129
  -4.9082776925    0.7283456189    1.7684136129
  -4.9082776925   -0.3818019892    1.7684136129
  -4.3080865821   -1.3157175866    1.7684136129
  -4.5496711004    2.0940897387    0.7579720658
  -5.2313867585    1.2392453420    0.7579720658
  -5.4746882599    0.1732718148    0.7579720658
  -5.2313867585   -0.8927017123    0.7579720658
  -5.2313867585    1.2392453420   -0.3635334414
  -5.4746882599    0.1732718148   -0.3635334414
  -5.2313867585   -0.8927017123   -0.3635334414
  -4.3080865821    1.6622612163   -1.3739749885
  -4.9082776925    0.7283456189   -1.3739749885
  -4.9082776925   -0.3818019892   -1.3739749885
  -3.5645634325    1.1201727526   -2.0732222349
  -4.1112569438    0.1732718148   -2.0732222349
  -3.0178699212    0.1732718148   -2.3227806878
  -1.1763340957   -1.0877552760    2.6874095657
  -0.6597114620   -1.9825719259    2.4818843035
  -0.6597114620   -0.1929386261   -2.5070651721
  -0.6597114620   -1.9825719259   -2.5070651721
  -1.1763340957   -1.0877552760   -2.7125904343
  -0.9460882571   -2.3043273901    2.4377490534
  -1.1862280382   -4.0409861613    1.8524626249
  -0.3732221145   -3.3365125183    1.8524626249
  -2.5344063729   -4.7362604382    0.9765195831
  -4.6793335245   -2.3043273901   -0.0567256843
  -4.4738082623   -3.3375726575   -0.0567256843
  -3.8885218337   -4.2135156993   -0.0567256843
  -3.0125787919   -4.7988021279   -0.0567256843
  -3.5346130845   -4.2545862723   -1.0899709517
  -2.5344063729   -4.7362604382   -1.0899709517
  -2.2510393500   -4.1940829151   -1.9659139935
  -0.9460882571   -2.3043273901   -2.5512004221
  -1.4627108908   -3.1991440400   -2.5512004221
  -0.7675787922    2.5189167780    2.7979870240
  -2.0725298851    4.4086723030    2.2127005954
  -2.3558969080    4.9508498261    1.3367575536
  -3.3561036196    4.4691756602    1.3367575536
  -2.8340693270    5.0133915158    0.3035122862
  -3.7100123688    4.4281050872    0.3035122862
  -4.2952987974    3.5521620454    0.3035122862
  -4.5008240596    2.5189167780    0.3035122862
  -2.3558969080    4.9508498261   -0.7297329812
  -1.2842014259    3.4137334279   -2.1909624516
   5.3721725795   -0.1667989023    1.5965511158
   4.8321725795   -1.1021063384    1.5965511158
   6.1627874517   -0.1667989023    0.8059362436
   5.0692540809   -1.8683700410    0.8059362436
   5.8658339493   -1.1781296559    0.8059362436
   6.4521725795   -0.1667989023   -0.2740637564
   6.2047575949    0.8370031493   -0.2740637564
   5.5191924324   -1.9444440526   -0.2740637564
   6.2047575949   -1.1706009539   -0.2740637564
   6.1627874517   -0.1667989023   -1.3540637564
   5.8658339493    0.8445318513   -1.3540637564
   5.0692540809   -1.8683700410   -1.3540637564
   5.8658339493   -1.1781296559   -1.3540637564
   5.3721725795   -0.1667989023   -2.1446786286
   4.8321725795   -1.1021063384   -2.1446786286
   4.6058517327    2.9390640086   -0.9981113822
   3.6391911091    3.3056700263   -0.9981113822
   5.2494467519    1.1614188583   -2.0781113822
   4.9524932495    2.1727496119   -2.0781113822
   4.1559133812    2.8629899970   -2.0781113822
   3.1126156268    3.0129935682   -2.0781113822
   2.1538396516    2.5751352517   -2.0781113822
   4.4588318798    1.1614188583   -2.8687262544
   3.9188318798    2.0967262944   -2.8687262544
   2.8388318798    2.0967262944   -2.8687262544
   2.2988318798    1.1614188583   -2.8687262544
   2.8388318798    0.2261114222   -2.8687262544
   3.9188318798    0.2261114222   -2.8687262544
   3.3788318798    1.1614188583   -3.1581113822
   3.4854162492    1.0261375407    2.9100247514
   4.5654162492    1.0261375407    2.6206396235
   4.0254162492    1.9614449768    2.6206396235
   2.9454162492    1.9614449768    2.6206396235
   2.4054162492    1.0261375407    2.6206396235
   2.9454162492    0.0908301046    2.6206396235
   4.0254162492    0.0908301046    2.6206396235
   5.3560311214    1.0261375407    1.8300247514
   5.0590776190    2.0374682943    1.8300247514
   4.2624977507    2.7277086794    1.8300247514
   3.2191999962    2.8777122507    1.8300247514
   4.7124361021    2.8037826910    0.7500247514
   3.7457754786    3.1703887087    0.7500247514
   4.1517289135   -2.2960405541    1.5066231903
   3.6117289135   -3.2313479901    1.5066231903
   4.9423437857   -2.2960405541    0.7160083182
   2.8055126605   -4.1476152640    0.7160083182
   3.8488104150   -3.9976116928    0.7160083182
   4.6453902833   -3.3073713077    0.7160083182
   5.2317289135   -2.2960405541   -0.3639916818
   3.3320881429   -4.4402917221   -0.3639916818
   4.2987487665   -4.0736857044   -0.3639916818
   4.9843139290   -3.2998426057   -0.3639916818
   4.9423437857   -2.2960405541   -1.4439916818
   2.8055126605   -4.1476152640   -1.4439916818
   3.8488104150   -3.9976116928   -1.4439916818
   4.6453902833   -3.3073713077   -1.4439916818
   4.1517289135   -2.2960405541   -2.2346065540
   3.6117289135   -3.2313479901   -2.2346065540
  -0.7679755330   -4.0759528426    1.7093301610
  -1.5741917860   -4.9922201165    0.9187152888
  -0.5308940316   -4.8422165452    0.9187152888
  -2.0739220890   -5.1602804907   -0.1612847112
  -1.0476163037   -5.2848965746   -0.1612847112
  -0.0809556801   -4.9182905568   -0.1612847112
  -1.5741917860   -4.9922201165   -1.2412847112
  -0.5308940316   -4.8422165452   -1.2412847112
  -0.7679755330   -4.0759528426   -2.0318995834
  -2.5542613978   -2.4022194045    3.0132390106
  -1.4742613978   -2.4022194045    2.7238538828
  -2.0142613978   -1.4669119685    2.7238538828
  -3.0942613978   -1.4669119685    2.7238538828
  -3.6342613978   -2.4022194045    2.7238538828
  -3.0942613978   -3.3375268406    2.7238538828
  -2.0142613978   -3.3375268406    2.7238538828
  -4.3491032240   -1.8752062937    1.9332390106
  -4.3491032240   -2.9292325153    1.9332390106
  -3.7792536259   -3.8159357980    1.9332390106
  -2.8204776508   -4.2537941145    1.9332390106
  -4.6514957234   -1.8852975697    0.8532390106
  -4.6514957234   -2.9191412394    0.8532390106
  -4.1710446139   -3.8345643463    0.8532390106
  -4.7574882606   -1.7519155410   -0.8953399315
  -4.7574882606   -2.7857592107   -0.8953399315
  -4.2770371510   -3.7011823176   -0.8953399315
  -3.8852461630   -0.8551209824   -1.9753399315
  -4.4550957611   -1.7418242650   -1.9753399315
  -4.4550957611   -2.7958504866   -1.9753399315
  -3.8852461630   -3.6825537692   -1.9753399315
  -2.9264701879   -4.1204120858   -1.9753399315
  -1.5802539349   -2.2688373758   -2.7659548037
  -2.1202539349   -1.3335299397   -2.7659548037
  -3.2002539349   -1.3335299397   -2.7659548037
  -3.7402539349   -2.2688373758   -2.7659548037
  -3.2002539349   -3.2041448119   -2.7659548037
  -2.1202539349   -3.2041448119   -2.7659548037
  -2.6602539349   -2.2688373758   -3.0553399315
  -2.3746255830    2.5006403211    3.3789612228
  -1.2946255830    2.5006403211    3.0895760949
  -1.8346255830    3.4359477572    3.0895760949
  -2.9146255830    3.4359477572    3.0895760949
  -3.4546255830    2.5006403211    3.0895760949
  -2.9146255830    1.5653328850    3.0895760949
  -1.8346255830    1.5653328850    3.0895760949
  -2.6408418360    4.3522150311    2.2989612228
  -3.5996178111    3.9143567145    2.2989612228
  -4.1694674092    3.0276534319    2.2989612228
  -4.1694674092    1.9736272103    2.2989612228
  -3.9914087990    3.9329852629    1.2189612228
  -4.4718599086    3.0175621559    1.2189612228
  -4.4718599086    1.9837184862    1.2189612228
  -3.2472308747    4.6546154383   -0.5278040358
  -4.0980675348    4.0673252959   -0.5278040358
  -4.5785186444    3.1519021889   -0.5278040358
  -4.5785186444    2.1180585192   -0.5278040358
  -2.7475005717    4.4865550641   -1.6078040358
  -3.7062765468    4.0486967475   -1.6078040358
  -4.2761261449    3.1619934649   -1.6078040358
  -4.2761261449    2.1079672433   -1.6078040358
  -1.4012843187    2.6349803541   -2.3984189080
  -1.9412843187    3.5702877902   -2.3984189080
  -3.0212843187    3.5702877902   -2.3984189080
  -3.5612843187    2.6349803541   -2.3984189080
  -3.0212843187    1.6996729180   -2.3984189080
  -1.9412843187    1.6996729180   -2.3984189080
  -2.4812843187    2.6349803541   -2.6878040358
  -0.5532842617    4.2639853250    2.1932839132
  -0.3162027603    5.0302490276    1.4026690411
  -1.3595005147    5.1802525989    1.4026690411
   0.1337355912    5.1063230392    0.3226690411
  -0.8329250324    5.4729290570    0.3226690411
  -1.8592308177    5.3483129731    0.3226690411
  -0.3162027603    5.0302490276   -0.7573309589
  -1.3595005147    5.1802525989   -0.7573309589
  -0.5532842617    4.2639853250   -1.5479458311
   3.9351146731   -0.4218404512    2.6471214583
   4.2231553279   -1.2873465810    2.1261769253
   5.0443265007   -0.5757977093    2.1261769253
   6.0201606695    0.4667539470    1.3280435959
   5.7955451796    1.5234867437    1.3280435959
   6.1770021011    1.5340147277    0.3489881289
   5.6054295918    2.4571360261    0.3489881289
   4.7389842239    3.1114451956    0.3489881289
   3.6946842454    3.4085741573    0.3489881289
   6.1770021011    1.5340147277   -0.6929009371
   5.6054295918    2.4571360261   -0.6929009371
   5.7955451796    1.5234867437   -1.6719564041
   5.3504472872    0.4667539470   -2.4700897334
   4.2231553279   -1.2873465810   -2.4700897334
   3.9351146731   -0.4218404512   -2.9910342664
   2.2402739968   -0.3760345993    2.8348181807
   2.7533042118   -1.2646289975    2.6538960431
   1.7272437818    0.5125597988   -2.9842596816
   2.2402739968   -0.3760345993   -3.1651818193
   2.1866332513   -1.7005543114    2.7358704177
   3.2126936813   -1.7005543114    2.5549482801
   2.6996634663   -2.5891487096    2.5549482801
   4.1149960804   -1.7005543114    2.0340037471
   2.9877041210   -3.4546548394    2.0340037471
   3.8088752938   -2.7431059677    2.0340037471
   2.9894829533   -4.1714716221    1.2358704177
   4.1149960804   -1.7005543114   -2.5622629116
   2.9877041210   -3.4546548394   -2.5622629116
   3.2126936813   -1.7005543114   -3.0832074446
   1.6736030363   -0.8119599132   -3.0832074446
   2.6996634663   -2.5891487096   -3.0832074446
   2.1866332513   -1.7005543114   -3.2641295823
   0.9733260911   -2.1934888761    2.7713352376
   0.4602958761   -3.0820832742    2.5904131000
   1.4863563061   -3.0820832742    2.5904131000
  -0.2894830064   -3.6508482633    2.0694685670
   0.6988914470   -4.1022237520    2.0694685670
   1.7743969608   -3.9475894040    2.0694685670
   0.7017531773   -4.7773325541    1.2713352376
   1.7761757931   -4.6644061867    1.2713352376
   0.1648097881   -5.0351289274    0.2922797706
   1.2459258784   -5.1353090863    0.2922797706
   2.2902258569   -4.8381801247    0.2922797706
   0.1648097881   -5.0351289274   -0.7496092954
   1.2459258784   -5.1353090863   -0.7496092954
   2.2902258569   -4.8381801247   -0.7496092954
   0.7017531773   -4.7773325541   -1.7286647624
   1.7761757931   -4.6644061867   -1.7286647624
  -0.2894830064   -3.6508482633   -2.5267980917
   0.6988914470   -4.1022237520   -2.5267980917
   1.7743969608   -3.9475894040   -2.5267980917
  -0.0527343388   -2.1934888761   -3.0477426247
   0.4602958761   -3.0820832742   -3.0477426247
   1.4863563061   -3.0820832742   -3.0477426247
   0.9733260911   -2.1934888761   -3.2286647624
   0.1900444114   -1.1069351618    2.9029258493
   1.2161048414   -1.1069351618    2.7220037117
  -0.3229858036   -1.9955295600    2.7220037117
  -0.3229858036   -0.2183407637   -2.9161520131
   0.1900444114   -1.1069351618   -3.0970741507
   0.9236320551    0.0337614207    2.9459143062
  -0.1024283748    0.0337614207    2.7649921686
   1.4366622701   -0.8548329774    2.7649921686
   1.4366622701    0.9223558189   -2.8731635562
  -0.1024283748    0.0337614207   -2.8731635562
   0.9236320551    0.0337614207   -3.0540856938
   0.3420756957    1.3357807690    3.0822317514
   1.3681361257    1.3357807690    2.9013096138
  -0.1709545193    2.2243751672    2.9013096138
   1.3681361257    1.3357807690   -2.7368461109
   0.8551059107    2.2243751672   -2.7368461109
  -0.1709545193    2.2243751672   -2.7368461109
   0.3420756957    1.3357807690   -2.9177682486
   0.9460835450    2.3739056284    2.9259176548
   2.0175971556    2.3739056284    2.7127803458
   1.4818403503    3.3018636357    2.7127803458
   0.4103267397    3.3018636357    2.7127803458
   2.6607263649    3.3638551221    2.1058166421
   1.9360330386    4.0885484484    2.1058166421
   0.9460835450    4.3538046157    2.1058166421
   3.3093002059    3.4260774755    1.1974312654
   2.6770325460    4.2963192515    1.1974312654
   1.7454680786    4.8341582475    1.1974312654
   0.6756827632    4.9465972150    1.1974312654
   3.0153085132    4.2602534306    0.1259176548
   2.1941509411    4.8803628442    0.1259176548
   1.2044349515    5.1619613220    0.1259176548
   2.6770325460    4.2963192515   -0.9455959558
   1.7454680786    4.8341582475   -0.9455959558
   0.6756827632    4.9465972150   -0.9455959558
   2.6607263649    3.3638551221   -1.8539813325
   1.9360330386    4.0885484484   -1.8539813325
   0.9460835450    4.3538046157   -1.8539813325
  -0.0438659487    4.0885484484   -1.8539813325
   1.4818403503    3.3018636357   -2.4609450362
   0.4103267397    3.3018636357   -2.4609450362
   0.9460835450    2.3739056284   -2.6740823452
  -1.0492526576    1.2704819313    3.1614834529
  -0.5362224426    0.3818875332    2.9805613153
  -2.0753130876    1.2704819313   -2.6575944094
  -0.5362224426    0.3818875332   -2.6575944094
  -1.0492526576    1.2704819313   -2.8385165471
  -1.8232611733    0.1149656961    3.1197148536
  -0.7972007433    0.1149656961    2.9387927159
  -2.3362913883   -0.7736287020    2.9387927159
  -2.3362913883    1.0035600943   -2.6993630088
  -2.8493216033    0.1149656961   -2.6993630088
  -1.8232611733    0.1149656961   -2.8802851464
  -3.0178699212    0.1732718148    2.9972193122
  -3.5536267265    1.1012298221    2.7840820032
  -4.0893835318    0.1732718148    2.7840820032
  -3.5536267265   -0.7546861925    2.7840820032
  -4.7325127412    1.1632213085    2.1771182995
  -4.9977689085    0.1732718148    2.1771182995
  -4.7325127412   -0.8166776788    2.1771182995
  -5.1106858004    1.6937915543    1.2687329228
  -5.5482034559    0.7111108108    1.2687329228
  -5.5482034559   -0.3645671812    1.2687329228
  -5.1106858004   -1.3472479247    1.2687329228
  -5.3984779013    1.6472818709    0.1972193122
  -5.7701946003    0.6877704647    0.1972193122
  -5.7701946003   -0.3412268350    0.1972193122
  -5.3984779013   -1.3007382412    0.1972193122
  -5.1106858004    1.6937915543   -0.8742942984
  -5.5482034559    0.7111108108   -0.8742942984
  -5.5482034559   -0.3645671812   -0.8742942984
  -5.1106858004   -1.3472479247   -0.8742942984
  -4.7325127412    1.1632213085   -1.7826796751
  -4.9977689085    0.1732718148   -1.7826796751
  -4.7325127412   -0.8166776788   -1.7826796751
  -3.5536267265    1.1012298221   -2.3896433788
  -4.0893835318    0.1732718148   -2.3896433788
  -1.1763340957   -1.0877552760    2.9874095657
  -0.6633038807   -1.9763496742    2.8064874280
  -0.6633038807   -0.1991608778   -2.8316682967
  -1.1763340957   -1.0877552760   -3.0125904343
  -0.9532730945   -2.3043273901    2.7623521780
  -1.1782626548   -4.0584279181    2.2414076450
  -0.3570914820   -3.3468790464    2.2414076450
  -2.2509064383   -4.8881710681    1.4432743157
  -4.8834521132   -2.8472012394    0.4642188487
  -4.4912348055   -3.8596308164    0.4642188487
  -3.7597713109   -4.6620080475    0.4642188487
  -2.7878498275   -5.1459674414    0.4642188487
  -4.4912348055   -3.8596308164   -0.5776702173
  -3.7597713109   -4.6620080475   -0.5776702173
  -2.7878498275   -5.1459674414   -0.5776702173
  -3.2783716302   -4.5543273901   -1.5567256843
  -2.2509064383   -4.8881710681   -1.5567256843
  -2.2537681687   -4.2130622660   -2.3548590137
  -0.9532730945   -2.3043273901   -2.8758035467
  -1.4663033095   -3.1929217883   -2.8758035467
  -0.7747636296    2.5189167780    3.1225901486
  -0.1785820171    3.5614684342    2.6016456156
  -0.9997531899    4.2730173060    2.6016456156
  -2.0723969734    5.1027604560    1.8035122862
  -3.0998621653    4.7689167780    1.8035122862
  -2.6093403626    5.3605568293    0.8244568192
  -3.5812618460    4.8765974354    0.8244568192
  -4.3127253406    4.0742202043    0.8244568192
  -4.7049426483    3.0617906273    0.8244568192
  -2.6093403626    5.3605568293   -0.2174322468
  -3.5812618460    4.8765974354   -0.2174322468
  -2.0723969734    5.1027604560   -1.1964877138
  -0.9997531899    4.2730173060   -1.9946210432
  -1.2877938446    3.4075111762   -2.5155655762
   6.1685681374   -0.1667989023    1.2223117680
   5.0716554646   -1.8736283377    1.2223117680
   5.8706969716   -1.1812549306    1.2223117680
   6.6319995687   -0.1667989023    0.2599864851
   6.4002838531    0.8484139807    0.2599864851
   5.7510308454   -1.9961493060    0.2599864851
   6.4002838531   -1.1820117853    0.2599864851
   6.6319995687   -0.1667989023   -0.8081139979
   6.4002838531    0.8484139807   -0.8081139979
   5.7510308454   -1.9961493060   -0.8081139979
   6.4002838531   -1.1820117853   -0.8081139979
   6.1685681374   -0.1667989023   -1.7704392809
   5.0716554646   -1.8736283377   -1.7704392809
   5.8706969716   -1.1812549306   -1.7704392809
   5.3334935534   -0.1667989023   -2.4363890394
   4.8128330664   -1.0686093192   -2.4363890394
   3.8994923667    3.4425814998   -0.4640611407
   5.4869431533    2.1766317412   -1.5321616237
   4.8376901457    2.9907692620   -1.5321616237
   3.8994923667    3.4425814998   -1.5321616237
   5.2552274377    1.1614188583   -2.4944869067
   4.9573562719    2.1758748866   -2.4944869067
   4.1583147649    2.8682482937   -2.4944869067
   3.1117929494    3.0187154150   -2.4944869067
   2.1500541075    2.5795040025   -2.4944869067
   4.4201528536    1.1614188583   -3.1604366652
   3.8994923667    2.0632292751   -3.1604366652
   2.8581713928    2.0632292751   -3.1604366652
   2.3375109059    1.1614188583   -3.1604366652
   2.8581713928    0.2596084414   -3.1604366652
   3.8994923667    0.2596084414   -3.1604366652
   3.3788318798    1.1614188583   -3.3981113822
   3.4854162492    1.0261375407    3.1500247514
   4.5267372231    1.0261375407    2.9123500343
   4.0060767362    1.9279479576    2.9123500343
   2.9647557623    1.9279479576    2.9123500343
   2.4440952753    1.0261375407    2.9123500343
   2.9647557623    0.1243271238    2.9123500343
   4.0060767362    0.1243271238    2.9123500343
   5.3618118071    1.0261375407    2.2464002758
   5.0639406413    2.0405935690    2.2464002758
   4.2648991343    2.7329669761    2.2464002758
   3.2183773188    2.8834340974    2.2464002758
   5.5935275228    2.0413504237    1.2840749929
   4.9442745151    2.8554879444    1.2840749929
   4.0060767362    3.3073001822    1.2840749929
   4.9481244715   -2.2960405541    1.1323838426
   3.8512117986   -4.0028699895    1.1323838426
   4.6502533056   -3.3104965824    1.1323838426
   5.4115559028   -2.2960405541    0.1700585596
   3.5923894005   -4.5772031955    0.1700585596
   4.5305871794   -4.1253909578    0.1700585596
   5.1798401871   -3.3112534370    0.1700585596
   5.4115559028   -2.2960405541   -0.8980419233
   3.5923894005   -4.5772031955   -0.8980419233
   4.5305871794   -4.1253909578   -0.8980419233
   5.1798401871   -3.3112534370   -0.8980419233
   4.9481244715   -2.2960405541   -1.8603672063
   3.8512117986   -4.0028699895   -1.8603672063
   4.6502533056   -3.3104965824   -1.8603672063
   4.1130498874   -2.2960405541   -2.5263169648
   3.5923894005   -3.1978509709   -2.5263169648
  -1.5750144634   -4.9979419632    1.3350908132
  -0.5284926479   -4.8474748419    1.3350908132
  -1.8286360200   -5.4218080480    0.3727655303
  -0.7873150461   -5.4218080480    0.3727655303
  -1.8286360200   -5.4218080480   -0.6953349527
  -0.7873150461   -5.4218080480   -0.6953349527
  -1.5750144634   -4.9979419632   -1.6576602357
  -0.5284926479   -4.8474748419   -1.6576602357
  -0.7873150461   -4.0424558234   -2.3236099942
  -2.5542613978   -2.4022194045    3.2532390106
  -1.5129404239   -2.4022194045    3.0155642936
  -2.0336009109   -1.5004089877    3.0155642936
  -3.0749218847   -1.5004089877    3.0155642936
  -3.5955823717   -2.4022194045    3.0155642936
  -3.0749218847   -3.3040298214    3.0155642936
  -2.0336009109   -3.3040298214    3.0155642936
  -4.3546497514   -1.8735776864    2.3496145351
  -4.3546497514   -2.9308611227    2.3496145351
  -3.7830391700   -3.8203045488    2.3496145351
  -2.8213003282   -4.2595159612    2.3496145351
  -1.7747785127   -4.1090488400    2.3496145351
  -4.8940883870   -2.4022194045    1.3872892521
  -4.6623726714   -3.4174322875    1.3872892521
  -4.0131196637   -4.2315698083    1.3872892521
  -5.0000809242   -2.2688373758   -0.3612896900
  -5.0000809242   -2.2688373758   -1.4293901730
  -4.7683652085   -3.2840502588   -1.4293901730
  -4.1191122008   -4.0981877795   -1.4293901730
  -3.8890317072   -0.8507522316   -2.3917154560
  -4.4606422885   -1.7401956576   -2.3917154560
  -4.4606422885   -2.7974790940   -2.3917154560
  -3.8890317072   -3.6869225200   -2.3917154560
  -2.9272928653   -4.1261339325   -2.3917154560
  -1.6189329610   -2.2688373758   -3.0576652145
  -2.1395934480   -1.3670269589   -3.0576652145
  -3.1809144219   -1.3670269589   -3.0576652145
  -3.7015749088   -2.2688373758   -3.0576652145
  -3.1809144219   -3.1706477927   -3.0576652145
  -2.1395934480   -3.1706477927   -3.0576652145
  -2.6602539349   -2.2688373758   -3.2953399315
  -2.3746255830    2.5006403211    3.6189612228
  -1.3333046091    2.5006403211    3.3812865057
  -1.8539650960    3.4024507380    3.3812865057
  -2.8952860699    3.4024507380    3.3812865057
  -3.4159465569    2.5006403211    3.3812865057
  -2.8952860699    1.5988299042    3.3812865057
  -1.8539650960    1.5988299042    3.3812865057
  -2.6416645133    4.3579368778    2.7153367472
  -3.6034033552    3.9187254653    2.7153367472
  -4.1750139365    3.0292820393    2.7153367472
  -4.1750139365    1.9719986029    2.7153367472
  -3.8334838489    4.3299907248    1.7530114643
  -4.4827368566    3.5158532041    1.7530114643
  -4.7144525722    2.5006403211    1.7530114643
  -4.5893955923    3.6501932371    0.0062462057
  -4.8211113080    2.6349803541    0.0062462057
  -3.0019448057    4.9161429956   -1.0618542773
  -3.9401425846    4.4643307578   -1.0618542773
  -4.5893955923    3.6501932371   -1.0618542773
  -4.8211113080    2.6349803541   -1.0618542773
  -2.7483232491    4.4922769108   -2.0241795603
  -3.7100620910    4.0530654983   -2.0241795603
  -4.2816726723    3.1636220723   -2.0241795603
  -4.2816726723    2.1063386359   -2.0241795603
  -1.4399633448    2.6349803541   -2.6901293188
  -1.9606238318    3.5367907710   -2.6901293188
  -3.0019448057    3.5367907710   -2.6901293188
  -3.5226052926    2.6349803541   -2.6901293188
  -3.0019448057    1.7331699372   -2.6901293188
  -1.9606238318    1.7331699372   -2.6901293188
  -2.4812843187    2.6349803541   -2.9278040358
  -0.5726237748    4.2304883058    2.4849943240
  -0.3138013766    5.0355073243    1.8190445655
  -1.3603231921    5.1859744456    1.8190445655
   0.3655740042    5.1580282926    0.8567192826
  -0.5726237748    5.6098405304    0.8567192826
  -1.6139447487    5.6098405304    0.8567192826
   0.3655740042    5.1580282926   -0.2113812004
  -0.5726237748    5.6098405304   -0.2113812004
  -1.6139447487    5.6098405304   -0.2113812004
  -0.3138013766    5.0355073243   -1.1737064834
  -1.3603231921    5.1859744456   -1.1737064834
  -0.5726237748    4.2304883058   -1.8396562419
