   0.0273348372
   0.0285183667
   0.0215037100
   0.0309772400
   0.0090127077
   0.0087684836
   0.0113725984
   0.0096051738
   0.0247052632
   0.0139812608
   0.0288443266
   0.0184934489
   0.0114333557
  -0.0091842109
  -0.0214135300
  -0.0172954165
  -0.0332652462
  -0.0203019867
  -0.0322792903
  -0.0330143948
  -0.0047076882
  -0.0347243540
  -0.0183949310
  -0.0097165815
  -0.0256640066
  -0.0167010767
  -0.0126557245
   0.0041977183
   0.0055023815
   0.0188807265
   0.0027397775
   0.0097805510
  -0.0022320570
   0.0018938500
   0.0023947694
   0.0166436411
   0.0054705449
   0.0076446312
   0.0090808736
   0.0014495660
   0.0053178278
  -0.0014719562
  -0.0046610816
   0.0148574124
   0.0048477694
  -0.0024796034
   0.0074810862
  -0.0250898206
  -0.0290100444
  -0.0401752310
  -0.0339653255
  -0.0423473327
  -0.0465457116
  -0.0387335500
  -0.0414529448
  -0.0473490654
  -0.0462110553
  -0.0406150048
  -0.0457231021
  -0.0401097249
  -0.0229656921
  -0.0376232776
  -0.0325159593
  -0.0205706151
   0.0012241162
  -0.0005951542
   0.0132145365
   0.0008858575
   0.0032791244
   0.0197036896
   0.0037285766
   0.0056506637
   0.0165780271
  -0.0035315204
   0.0196861055
  -0.0007172502
   0.0095734785
  -0.0291402280
  -0.0378755380
  -0.0465871210
  -0.0368447890
  -0.0513776076
  -0.0537449438
  -0.0496261066
  -0.0448549131
  -0.0541954858
  -0.0553009820
  -0.0528318865
  -0.0399747334
  -0.0497710681
  -0.0525902693
  -0.0477120565
  -0.0345868448
  -0.0433966975
  -0.0304491560
  -0.0222173662
   0.0040264720
   0.0032652585
   0.0134254066
   0.0029449779
   0.0026492160
   0.0047247044
   0.0096170631
   0.0003669894
   0.0094643231
   0.0119608375
   0.0029812898
   0.0035206352
  -0.0022169221
  -0.0017353932
   0.0041915599
   0.0056129226
   0.0035828325
  -0.0378043539
   0.0028668333
  -0.0009015808
  -0.0029602049
   0.0296242570
   0.0353350783
   0.0315790398
   0.0303213120
   0.0496568939
   0.0366854970
   0.0320621286
   0.0300939042
   0.0375173291
   0.0307095300
   0.0375894475
   0.0222113715
   0.0028636490
   0.0274078434
   0.0205684992
   0.0096327324
  -0.0082836759
  -0.0026520927
   0.0233085442
   0.0175533449
   0.0120248965
   0.0179932092
   0.0246611140
   0.0200832217
   0.0183631170
   0.0222486955
   0.0150800690
   0.0072973131
   0.0165004210
   0.0226896447
   0.0258189102
   0.0198242943
   0.0069564013
  -0.0188771445
   0.0050109264
   0.0365474519
   0.0255946240
   0.0440322824
   0.0252040499
   0.0360205998
   0.0441867591
   0.0260264246
   0.0365762806
   0.0371494668
   0.0272773076
  -0.0097340221
   0.0021773389
   0.0103028609
   0.0048203655
  -0.0170431853
   0.0101932754
   0.0046869151
  -0.0190670341
   0.0012778609
   0.0056885281
   0.0055504900
   0.0024401154
  -0.0032550897
   0.0063518635
   0.0070998855
  -0.0148844339
   0.0022303829
   0.0083146342
   0.0081563772
  -0.0238097159
   0.0009634566
  -0.0248085965
  -0.0003496970
  -0.0258998016
  -0.0096744442
   0.0033994712
   0.0085994898
   0.0052320508
   0.0041500980
   0.0010705835
   0.0073398072
   0.0067009344
   0.0065093136
   0.0026681106
   0.0008669592
   0.0022264323
   0.0026498152
  -0.0041472325
   0.0009130454
   0.0031188570
   0.0033563401
  -0.0027093953
  -0.0187338570
  -0.0066476874
  -0.0378387493
   0.0043598959
  -0.0055915027
  -0.0330142922
   0.0022333055
   0.0034124364
  -0.0019493386
  -0.0188121513
   0.0009372028
   0.0018161662
   0.0026271030
  -0.0050470371
   0.0014896674
   0.0023006614
  -0.0211014170
  -0.0041571443
  -0.0228951495
  -0.0013822839
   0.0043587017
  -0.0265718492
  -0.0023856761
   0.0036613145
  -0.0068285932
   0.0224112225
   0.0246991888
   0.0320848396
   0.0233187425
   0.0177061452
   0.0238073856
   0.0252546713
   0.0086446367
   0.0075278250
   0.0108880700
   0.0074606710
   0.0188560978
   0.0102421604
   0.0334357791
   0.0141233195
   0.0220128218
   0.0134824215
   0.0090705266
  -0.0053914171
  -0.0132499673
  -0.0103120617
  -0.0210188680
  -0.0129029770
  -0.0233622766
  -0.0192895227
   0.0025360565
  -0.0240210622
  -0.0189624954
  -0.0151281203
  -0.0222777066
  -0.0114102845
  -0.0073069050
  -0.0162358972
  -0.0100524623
  -0.0075507156
   0.0026699501
   0.0028806507
   0.0107734676
   0.0006674617
   0.0056718950
  -0.0034320569
   0.0006648543
   0.0027903731
   0.0096234168
   0.0037431497
   0.0054841885
   0.0053877122
   0.0024503169
   0.0015858798
  -0.0019163271
  -0.0056832137
   0.0084750023
   0.0030232641
  -0.0034370948
   0.0035994437
  -0.0179496726
  -0.0196842634
  -0.0289559132
  -0.0245123034
  -0.0305491742
  -0.0349015968
  -0.0287057255
  -0.0287748892
  -0.0360923120
  -0.0363242764
  -0.0277169938
  -0.0356035816
  -0.0362429947
  -0.0279410997
  -0.0338268935
  -0.0295692548
  -0.0137070894
  -0.0262535027
  -0.0230377351
  -0.0140683632
   0.0009847031
  -0.0025906165
   0.0078058893
  -0.0011334907
   0.0005966231
   0.0110440087
   0.0030738649
   0.0012864093
   0.0093509712
  -0.0045488799
  -0.0022788116
  -0.0126996995
   0.0045788937
  -0.0215190828
  -0.0273005091
  -0.0347130651
  -0.0267990903
  -0.0385915240
  -0.0416479674
  -0.0371042396
  -0.0403623972
  -0.0442098195
  -0.0435754908
  -0.0378049934
  -0.0396078658
  -0.0437426024
  -0.0430670642
  -0.0368885997
  -0.0369613224
  -0.0400825109
  -0.0343638083
  -0.0246580809
  -0.0315355209
  -0.0208937420
  -0.0160678244
   0.0032924044
   0.0016505827
   0.0076696484
  -0.0002163015
   0.0024026946
   0.0024153933
   0.0072962010
   0.0080998762
   0.0074233647
   0.0085655135
   0.0063220761
   0.0002989744
   0.0015822374
  -0.0033244699
   0.0010332713
   0.0026736202
   0.0018954471
   0.0021745230
  -0.0036745728
   0.0256959676
   0.0288700570
   0.0267057129
   0.0257060791
   0.0376393255
   0.0302757978
   0.0274706260
   0.0258066598
   0.0381708084
   0.0309711657
   0.0273011843
   0.0255846961
   0.0399487358
   0.0313245394
   0.0264854868
   0.0306301494
   0.0198479259
   0.0105884096
  -0.0047155398
   0.0224641521
   0.0174615453
   0.0101344141
  -0.0007084347
  -0.0057647751
   0.0193817860
   0.0150885347
   0.0100435372
   0.0118760651
   0.0170080598
   0.0208527573
   0.0162852254
   0.0143570161
   0.0179842140
   0.0129626764
   0.0059802539
   0.0091810569
   0.0152292087
   0.0189531380
   0.0210346125
   0.0163789154
   0.0077039315
  -0.0077226241
   0.0196823067
   0.0105162042
  -0.0068081161
   0.0296197392
   0.0220912757
   0.0363653418
   0.0214493150
   0.0296244104
   0.0392170541
   0.0156673965
   0.0260020909
   0.0325104061
   0.0365103617
   0.0083606054
   0.0224791582
   0.0302876508
   0.0301178267
   0.0234504714
  -0.0012073011
   0.0059421088
  -0.0000559595
   0.0079226386
   0.0043544439
  -0.0055507608
   0.0057624020
  -0.0006667957
   0.0041388898
  -0.0029398304
   0.0029522552
   0.0035237051
   0.0016934488
  -0.0046163279
  -0.0001050547
   0.0045415771
   0.0043972836
  -0.0207927753
  -0.0051139029
   0.0030942616
   0.0058548299
   0.0049101054
  -0.0099096643
   0.0014029101
   0.0065008008
  -0.0300983000
  -0.0087519714
   0.0014566915
   0.0067463756
  -0.0126973919
  -0.0023562061
   0.0039270419
   0.0061586365
   0.0032413408
   0.0028253610
  -0.0006499828
   0.0021666205
   0.0050959368
   0.0041241751
   0.0039010866
   0.0002911225
  -0.0004857329
   0.0000150796
   0.0009585763
  -0.0022969183
  -0.0046796161
  -0.0001543158
  -0.0001089827
   0.0014066654
  -0.0009654325
  -0.0083717973
  -0.0203888991
   0.0016627069
  -0.0040140355
  -0.0164692184
   0.0012907396
  -0.0033931139
  -0.0148994253
  -0.0007268950
   0.0012651027
  -0.0006830621
  -0.0082176439
  -0.0224015594
  -0.0004990467
  -0.0003604428
   0.0008234671
  -0.0025720367
  -0.0052123875
   0.0003766796
   0.0000871592
  -0.0168180675
  -0.0076013183
  -0.0239090320
  -0.0059923638
   0.0003953569
  -0.0120105105
  -0.0016978626
   0.0022019268
  -0.0077385761
  -0.0005363559
  -0.0105982421
   0.0187865344
   0.0208999600
   0.0250754247
   0.0233418554
   0.0194545432
   0.0205732857
   0.0157593399
   0.0074072730
  -0.0112469093
   0.0201485434
   0.0223788814
   0.0212379391
   0.0080046480
   0.0069405870
   0.0100779762
   0.0064378612
   0.0151921298
   0.0083156214
   0.0257328418
   0.0101755509
   0.0209338496
   0.0066405831
   0.0287865908
   0.0176499836
   0.0107583565
   0.0078338379
  -0.0028590019
  -0.0081888629
  -0.0058290758
  -0.0078510303
  -0.0133956531
  -0.0078682438
  -0.0153277729
  -0.0125809361
  -0.0165451538
  -0.0073484257
  -0.0161230488
  -0.0121555337
  -0.0105992494
  -0.0143957885
  -0.0067546199
  -0.0050233029
  -0.0102698667
  -0.0056554288
  -0.0041768862
   0.0021154679
   0.0025406667
   0.0067370231
   0.0002573047
   0.0037839281
  -0.0029292877
   0.0005258824
   0.0029013316
   0.0061278481
   0.0035754482
   0.0047525414
   0.0038056076
   0.0030620305
   0.0000019834
  -0.0016119571
  -0.0053319790
   0.0025827260
  -0.0076881216
  -0.0033239853
   0.0019291671
  -0.0131181306
  -0.0132470833
  -0.0220150350
  -0.0185354239
  -0.0217578356
  -0.0271549749
  -0.0244428676
  -0.0193156381
  -0.0275831421
  -0.0290972857
  -0.0180797124
  -0.0270122805
  -0.0289186693
  -0.0236687570
  -0.0187196812
  -0.0259116435
  -0.0245793023
  -0.0194390916
  -0.0173434325
  -0.0097254521
   0.0003567091
   0.0047164794
  -0.0006411961
   0.0067455525
   0.0020993040
  -0.0007486257
   0.0054182311
  -0.0045834294
  -0.0027813814
  -0.0091741386
   0.0020308062
  -0.0163749315
  -0.0206347168
  -0.0274424487
  -0.0203140202
  -0.0267287640
  -0.0332817404
  -0.0326618720
  -0.0247657196
  -0.0286187452
  -0.0350442379
  -0.0362454166
  -0.0336780997
  -0.0345731699
  -0.0358027824
  -0.0330353648
  -0.0253625824
  -0.0319326407
  -0.0308736410
  -0.0187267030
  -0.0246507561
  -0.0120233719
   0.0023155250
   0.0011031568
   0.0048140392
  -0.0009453915
   0.0018605318
   0.0014971098
   0.0007504014
  -0.0056584174
   0.0054167253
  -0.0130273140
  -0.0008190654
   0.0042771049
   0.0059832721
   0.0053452802
   0.0057183938
   0.0040821511
  -0.0004612414
   0.0007745319
  -0.0034287230
  -0.0004925003
   0.0005254400
   0.0003124562
   0.0008490798
  -0.0005725344
  -0.0061093887
  -0.0204364780
   0.0000250196
  -0.0037445576
   0.0228650290
   0.0256366524
   0.0234880757
   0.0320387153
   0.0263534598
   0.0240476593
   0.0225682959
   0.0326628884
   0.0269323098
   0.0239703406
   0.0224742587
   0.0338738161
   0.0272151154
   0.0234772275
   0.0272159955
   0.0096773652
  -0.0028926558
   0.0201745889
   0.0153234998
   0.0089468139
  -0.0004064775
  -0.0093166561
   0.0169118294
   0.0122586407
   0.0072205780
   0.0092530104
   0.0146069801
   0.0187266536
   0.0136476270
   0.0116207447
   0.0153494386
   0.0100925846
   0.0031439177
   0.0065587531
   0.0127257411
   0.0166078427
   0.0186451297
   0.0142263739
   0.0069599399
  -0.0057528532
   0.0097020530
  -0.0041400961
   0.0256937857
   0.0183671011
   0.0319730051
   0.0078316546
   0.0191605014
   0.0258524013
   0.0346135100
   0.0145843896
   0.0226991295
   0.0282953543
   0.0320213220
   0.0094294022
   0.0199732687
   0.0263516656
   0.0260814506
   0.0195562204
  -0.0019787871
   0.0033511021
  -0.0031302992
   0.0052493951
   0.0013384532
  -0.0090927503
   0.0030845642
  -0.0039985999
  -0.0037400585
   0.0012971195
   0.0022154661
   0.0004481840
  -0.0062280109
  -0.0019297042
   0.0027356170
   0.0029208266
  -0.0129134061
  -0.0022885534
   0.0028381450
   0.0043481025
  -0.0205064888
  -0.0049426541
   0.0022804571
  -0.0179592016
  -0.0045843952
   0.0022878440
  -0.0176835951
  -0.0084304446
  -0.0007166764
   0.0034022471
   0.0047097403
   0.0018998396
   0.0015753044
  -0.0022735682
   0.0003177058
   0.0033723923
   0.0027498595
   0.0023047291
  -0.0010781261
  -0.0015364963
  -0.0011699324
  -0.0005299737
  -0.0038083971
  -0.0059360975
  -0.0011277754
   0.0000845476
  -0.0010108817
  -0.0056674707
  -0.0147465288
  -0.0024702422
  -0.0104197089
  -0.0273367384
   0.0005986308
  -0.0023039934
  -0.0094158773
  -0.0255199998
  -0.0001979197
  -0.0009158554
  -0.0054027402
  -0.0151845504
  -0.0014741026
  -0.0015008845
  -0.0006402458
  -0.0040325571
  -0.0063334938
  -0.0003238937
  -0.0011595493
  -0.0080522364
  -0.0089765391
  -0.0019983803
  -0.0153892061
  -0.0045412912
  -0.0001544358
  -0.0108706140
  -0.0028873585
  -0.0107725369
   0.0158494126
   0.0202717330
   0.0196360533
   0.0196865740
   0.0167261791
   0.0176662859
   0.0135330743
   0.0066565204
  -0.0076047883
   0.0180428146
   0.0140012548
   0.0175577147
   0.0192061089
   0.0244204441
   0.0180642509
   0.0072123291
   0.0101168025
   0.0063715123
   0.0091220123
   0.0057869702
   0.0126064671
   0.0071305492
   0.0205494211
   0.0080634420
   0.0164160744
   0.0077236423
   0.0229184796
   0.0106057399
   0.0145683325
   0.0057886561
   0.0090377031
   0.0069999497
  -0.0012360626
  -0.0050192097
  -0.0030111245
  -0.0052647673
  -0.0085688903
  -0.0045293827
  -0.0105875619
  -0.0065722757
  -0.0100192660
  -0.0105052162
  -0.0020857724
  -0.0103700204
  -0.0104612026
  -0.0015001385
  -0.0110318688
  -0.0058667952
  -0.0073282724
  -0.0093230537
  -0.0036761211
  -0.0032827100
  -0.0064485025
  -0.0028237016
  -0.0020031885
   0.0017981008
   0.0025920265
   0.0002350054
   0.0026985335
   0.0006534370
   0.0027157695
   0.0040418633
   0.0035513469
   0.0043383071
   0.0028813142
   0.0032530327
  -0.0006825492
  -0.0012146444
  -0.0047079796
   0.0024792376
  -0.0050831510
  -0.0029409134
   0.0011723366
  -0.0098139691
  -0.0093537722
  -0.0163201999
  -0.0140963214
  -0.0151136242
  -0.0203953225
  -0.0200093953
  -0.0125389628
  -0.0207438425
  -0.0230729351
  -0.0201870966
  -0.0195315851
  -0.0232753763
  -0.0228411174
  -0.0196106669
  -0.0225920646
  -0.0205971486
  -0.0114347569
  -0.0187231225
  -0.0194653455
  -0.0151370172
  -0.0137763503
  -0.0128137803
  -0.0068053251
  -0.0003167679
   0.0027448263
  -0.0013310407
   0.0043137428
   0.0011744445
  -0.0017364920
   0.0030416597
  -0.0043634727
  -0.0029225819
  -0.0070248779
   0.0006290677
  -0.0128626286
  -0.0159627407
  -0.0212215661
  -0.0157235803
  -0.0247956379
  -0.0266846950
  -0.0238608083
  -0.0265658559
  -0.0294502151
  -0.0288963441
  -0.0246438086
  -0.0281228849
  -0.0302081516
  -0.0296445122
  -0.0261977379
  -0.0257821459
  -0.0287531228
  -0.0280282400
  -0.0231951104
  -0.0234872986
  -0.0250729302
  -0.0213062881
  -0.0142914167
  -0.0186323395
   0.0013930082
   0.0007981059
   0.0031544371
   0.0012891501
   0.0009747453
   0.0002787836
  -0.0038896736
   0.0034289400
  -0.0070207678
   0.0004278145
   0.0035238084
   0.0043510986
   0.0008976924
   0.0036593434
   0.0044790041
   0.0039889787
   0.0035794432
   0.0026841933
  -0.0006109731
   0.0003295416
  -0.0033220324
  -0.0107343439
  -0.0049256699
  -0.0011724146
  -0.0005027451
  -0.0003548222
  -0.0009066118
  -0.0039913207
  -0.0118222746
  -0.0005177282
  -0.0008133028
  -0.0017822556
  -0.0063827718
  -0.0036634276
   0.0207438148
   0.0270236121
   0.0229929270
   0.0211967291
   0.0199513516
   0.0276376171
   0.0234693596
   0.0213873946
   0.0200261540
   0.0282139251
   0.0237788019
   0.0212318407
   0.0288486138
   0.0238985798
   0.0209638563
   0.0236942711
  -0.0029192242
   0.0152820856
   0.0093698888
   0.0009896594
   0.0172665002
   0.0131147715
   0.0078074851
   0.0008277261
  -0.0045509207
   0.0145555935
   0.0104399775
   0.0064579491
   0.0080612001
   0.0126373047
   0.0160990479
   0.0116777178
   0.0096276010
   0.0128772104
   0.0082808852
   0.0029216482
   0.0055087323
   0.0107261455
   0.0140208885
   0.0157149703
   0.0118117750
   0.0056710614
  -0.0039526481
   0.0146026055
   0.0086730326
  -0.0009503490
   0.0270074078
   0.0157493149
   0.0217448466
   0.0304002410
   0.0134795539
   0.0199229438
   0.0247607081
   0.0303550995
   0.0138791858
   0.0201753924
   0.0249096929
   0.0270638693
   0.0166212432
   0.0222542467
   0.0219610289
   0.0164079977
   0.0021526379
  -0.0030644821
   0.0031984591
  -0.0007861001
   0.0030998348
  -0.0010038803
   0.0017211980
  -0.0040966675
  -0.0034446210
   0.0002351122
   0.0013611539
  -0.0004062578
  -0.0054097347
  -0.0024671025
   0.0013652012
   0.0018693294
  -0.0107854437
  -0.0027834620
   0.0014874355
   0.0029072368
   0.0020797008
  -0.0102598145
  -0.0019833077
   0.0022181678
  -0.0128920094
  -0.0082912653
  -0.0013453784
   0.0025344156
  -0.0122503284
  -0.0067776381
  -0.0011458548
   0.0021555573
   0.0032176562
   0.0012072784
   0.0007564272
  -0.0021792341
  -0.0004215744
   0.0020815027
   0.0018484590
   0.0012573382
  -0.0019090570
  -0.0019361782
  -0.0017659067
  -0.0015287254
  -0.0040984576
  -0.0054054108
  -0.0018251831
  -0.0009612079
  -0.0018531781
  -0.0054741171
  -0.0118420474
  -0.0017740710
  -0.0059937695
  -0.0142630930
  -0.0067920198
  -0.0176343955
  -0.0005437704
  -0.0017590148
  -0.0055698245
  -0.0135985678
  -0.0011803488
  -0.0018205634
  -0.0053834178
  -0.0123380977
  -0.0018120179
  -0.0020003681
  -0.0016201680
  -0.0042603813
  -0.0055496763
  -0.0010712670
  -0.0018982679
  -0.0075233623
  -0.0087421023
  -0.0029626898
  -0.0164673847
  -0.0064228721
  -0.0019009863
  -0.0178137697
  -0.0069777276
  -0.0022090529
  -0.0107401502
  -0.0039044600
  -0.0098142335
